113
198 4
85926 72862 67461 43277 
13 2
35977 27540 
233 75
98639 96984 95929 95770 94158 89884 88769 88461 84936 84370 83721 83716 82651 82027 80620 77384 76529 75648 73002 72822 72800 72359 71385 69606 68014 67783 67116 65203 63762 62034 61684 61363 60486 58864 58815 56514 54594 53928 52542 50994 49919 49723 48463 48126 47390 45297 44501 41182 39377 38056 34989 29566 28283 28073 26943 26491 25262 24361 23855 22883 20353 19845 18886 18159 17990 16149 15738 14044 13953 12612 10642 7574 6552 6489 1602 
2 42
94929 94927 94531 92753 91892 81648 80121 80013 75008 73076 64189 63065 61729 59076 57618 56751 47713 46105 40238 37448 33458 32282 31577 29076 28678 28336 25309 22850 21110 20417 20070 18731 18725 15822 15378 14231 9816 7988 4967 4797 3694 990 
341 125
99303 98711 96614 95907 92745 92431 91236 90078 89563 87751 86710 86685 85489 84457 84171 84051 84023 80379 79023 78848 78635 78504 75772 75715 74611 74441 73279 72513 71308 68469 68165 67863 67848 66431 65594 65482 63895 63250 61612 61447 61071 60032 58013 56784 53996 53654 51588 51393 51085 49397 49126 48722 48171 48060 47458 46889 45193 45129 44689 44657 44119 43737 43382 43371 43070 41301 40966 38255 37249 37193 36129 35543 34033 31210 30553 29940 29000 28840 28734 28003 27539 26655 25253 25010 24792 23903 23600 23306 22584 22573 22436 21734 21654 21177 21145 20347 20099 19750 19692 19563 17687 16991 14836 14780 14686 14633 12710 12380 12091 10858 9595 8588 7692 7386 7337 7179 6067 5833 5531 5364 4105 3737 3639 2310 1748 
221 21
96568 95958 71305 69314 68448 66391 63931 62039 59295 58210 55582 47015 44632 42072 30788 18439 9653 8930 7527 4511 2939 
175 56
96635 96370 95536 95323 93814 92362 88585 86775 86176 80449 79573 77811 76551 73945 72949 66255 65549 63789 58687 57357 57222 56136 51905 49955 49541 43727 43305 43057 42231 41828 39666 38241 38096 34766 33869 30984 28876 27270 20570 20404 19595 19425 18577 16923 15915 15706 12889 11960 11709 11468 11212 10659 10004 8845 932 431 
49 30
98830 93232 89592 89548 89403 85206 79600 76864 75692 75200 73953 65489 64456 57247 51487 50481 48584 46198 41777 31512 31203 30959 27350 27227 26840 13650 9618 6779 5839 4463 
566 268
99075 99039 98614 98228 97940 97495 94965 94815 94733 94034 93751 93532 93334 93222 92906 92224 91797 91343 90698 90315 89825 89540 89461 89359 89339 89095 89054 88308 88139 87725 87115 86903 86373 86163 86104 86022 85866 85576 85408 84881 84832 84436 83768 83308 83262 83153 83077 82565 82463 81981 81532 81209 80915 80697 80431 80289 79809 79782 79723 79702 79350 79347 79072 78842 78805 78644 77085 76846 76704 76602 75673 75390 75134 75113 74904 74626 74083 74061 73131 72086 71953 71949 71764 71632 71595 71482 70821 70584 70501 70364 70079 68975 68212 68134 67933 67835 67760 67466 67314 66836 65566 65214 64974 64831 64462 64084 63239 62935 62445 62033 62017 61947 61622 61347 60690 60113 59085 59066 58922 58455 57183 57091 56063 55965 55955 55920 55272 55025 54256 54034 53685 53615 53576 53337 53186 52841 52612 52544 52344 51660 51309 50364 49591 49209 49086 48711 48137 48112 47370 46658 45995 45976 45383 44570 44515 44497 43912 43804 43760 42859 42756 41416 41392 41275 40963 39586 39523 39313 38845 38833 38700 38264 37734 37463 37223 36530 36108 35763 35619 34962 34835 34779 34484 33170 33046 32918 32884 32469 32065 31871 31833 31570 31234 30784 30456 29537 29173 28807 27138 26796 26692 26337 25775 25196 24154 24020 24002 23438 23414 23224 23102 21511 21166 19485 18260 17968 17797 17678 17664 17376 17162 17155 16914 16318 16165 15174 14613 14515 14459 14435 14401 14134 14046 13716 13588 13058 13037 12567 13036 12161 12157 12082 11568 11029 10914 10859 10795 10252 10603 8829 7865 7294 6814 6201 5854 4985 4776 4596 4269 3721 2696 2562 1450 1340 967 912 904 58 
316 224
99688 98893 98292 96874 96728 96259 95325 94807 94774 94703 94497 94063 93847 93756 93231 92734 92513 91318 91004 90317 89781 89386 89330 88947 88757 88578 87682 87306 87109 86660 85097 84755 84200 84170 83915 83034 81878 81348 81105 80578 80375 79996 79359 79323 77926 77505 77494 77214 77078 77059 76779 76573 76449 76044 75078 75062 74885 74530 74448 73761 73265 72918 72445 72022 71985 71680 71317 71260 71013 70737 70723 69617 68985 68092 68083 66694 66571 66072 65990 65175 65157 64904 64358 62644 61658 61631 60397 59112 59102 58413 57317 56828 56351 56212 56026 55874 55697 55689 55032 55024 55014 54607 54039 54001 53297 52935 52354 52317 52101 51259 51018 50445 50413 49629 49335 49042 48810 48626 48515 48088 47767 47637 47273 47075 46041 45887 45738 45424 45114 44721 44132 43944 43744 42129 41902 41591 41167 40782 40476 40043 39973 38922 38603 38193 38150 37633 37184 37133 36348 34616 34360 33556 33313 32913 32542 32506 32462 32457 31953 30606 29640 29628 28442 28111 28034 27590 27335 26928 26310 26255 26226 24752 23895 21900 21621 21251 20767 20740 20489 20218 19578 19235 19065 18495 18096 17371 16725 16497 15368 14244 13769 13679 13219 12678 12078 11938 11698 11376 11253 11097 10299 9794 9600 9030 8676 8446 7726 7426 7152 6539 5903 4095 4066 3889 3612 3179 2659 2640 2137 1988 1910 1853 1591 1333 
31 281
99912 99349 99194 98968 98858 98548 98496 98493 98443 98364 98359 97463 97170 97151 96981 96574 96263 96134 95392 95144 94972 94723 93981 93830 93383 93273 93158 92450 92055 91671 91629 91281 91039 90333 90116 89622 89412 88733 88695 88653 86881 86083 85263 84882 84387 83916 83448 83268 81649 81539 80979 80747 80432 79949 79141 78880 78132 78075 77824 77822 77412 77231 76962 76474 76059 76004 76002 75624 75222 75142 74420 74050 73290 73230 72543 72407 72377 71698 71139 70837 70748 70468 69835 69703 68992 68764 68559 68293 67839 67827 67412 67201 66966 66865 66834 66307 66236 66204 66133 65967 65932 65316 64861 64744 64648 64453 64281 64162 63499 63397 63357 62738 62714 62218 61919 61564 61433 61324 61432 61237 60629 60550 60450 59371 59084 58445 58127 57844 57461 57437 57379 57146 56782 55534 55306 54769 54494 54291 54174 53596 53494 52436 51788 51736 51582 50976 50247 49970 49181 48871 48614 46196 45857 45720 45582 45368 45106 44810 44094 43896 42871 41733 41605 40671 39668 39269 38881 38719 38425 37972 37859 37846 37725 36995 36762 36745 35723 35468 35343 35186 34411 33381 33008 32645 32304 32206 32030 30970 30174 30112 30081 30060 29921 29740 29152 28842 28585 28241 27642 27096 26400 25149 24743 24739 24381 24234 23736 23624 23347 23245 23144 23038 22459 22150 21781 20828 20673 20378 20213 20095 19875 19061 18863 18279 18008 17689 17427 16785 16616 16212 16208 15462 15387 15108 14938 14929 14914 14176 13387 13326 13125 12968 12832 12646 12457 12338 12333 12027 11884 11716 11319 9916 9712 9338 9291 9258 9216 8279 8104 7410 7206 6993 6819 5465 5300 5115 5077 4848 4819 4564 4283 4092 3389 3073 2993 2841 2072 1973 1673 840 667 
409 310
99931 99513 99017 98740 98713 97691 97430 97261 96458 95446 95121 94911 94696 93442 93088 92779 92744 92558 92444 91818 91208 91139 91079 91062 90997 90512 89489 89275 89188 89061 88837 88829 88812 88644 88533 88463 88188 87963 87441 87266 86700 86559 86152 85908 84978 84879 84829 83802 82997 82649 82423 82029 81949 81784 81744 81702 81651 81585 81533 81244 81176 79881 79839 79484 79479 79335 78715 78587 78387 78068 77904 77585 77559 77454 77138 76644 76095 75408 74988 74784 74574 74465 74057 73984 73687 73254 72795 72765 72750 72293 71982 71675 71584 71220 71038 70989 70347 69833 69730 69565 69464 69238 69202 69100 69052 68954 68300 67804 67787 67752 67726 67714 66652 66371 65002 64966 64573 63318 62334 61959 62941 61932 61656 61561 61189 61181 61069 60357 59640 59498 58202 58197 57837 57367 57217 56983 56547 56527 56123 56032 55948 55574 55493 55244 55166 54634 54452 53958 53861 53489 52795 52658 51964 51925 51444 51334 51178 51050 50335 50308 50063 49363 49121 48054 47780 47527 47187 46700 46186 45793 45676 45372 45247 44931 44857 44114 43716 43082 42773 42760 42743 42112 42046 41722 41545 41360 41285 41181 41014 40826 40129 39991 39801 39753 39598 39022 38807 37700 37566 36917 36851 36305 35582 34597 34353 34274 34038 34036 33860 33532 33430 32963 32930 32856 32844 32474 32167 31796 30851 30535 30239 29695 29017 28988 28504 28384 26953 26615 26446 26441 26107 25769 24564 24545 24316 24224 24087 24066 24022 23417 23010 22768 22221 21891 21758 21187 21152 20668 20427 20044 19472 19263 18778 18381 17445 17338 17233 17062 16721 16322 16131 16011 15512 15307 15187 14823 14107 14052 14043 13684 13429 13024 12812 12588 12477 12257 12086 11681 10958 10597 10185 10017 9930 9791 9512 9228 8865 8789 8572 7995 7653 7479 6958 6955 6914 6710 5187 4655 4416 4372 3947 3512 4045 3429 2883 2829 2162 2004 1774 1692 
933 308
99976 99686 99308 99212 98855 98843 98478 98467 98420 98384 98281 98220 98030 97701 97523 97424 97301 97224 96658 96541 96335 96260 96250 96248 96214 95916 95513 95459 95062 94989 94490 94220 94188 93828 93703 93673 93338 93215 93074 92815 92206 91562 91529 91365 91140 90905 90663 90616 90185 90056 89939 89811 89652 89642 89631 89451 89440 89320 88984 88981 88924 88867 88742 88269 88560 88258 88114 87820 87598 87422 86910 86813 86809 86805 86705 86524 86239 86113 86009 85813 85522 85472 85461 85413 85265 85145 85142 84557 84526 83925 83803 83715 83623 83614 83348 83280 83141 83133 82977 82716 82654 82570 82569 82442 82377 82372 82283 82245 82230 82133 81931 81842 81745 81644 81412 81361 81264 81126 81056 80986 80849 80819 80295 80170 80008 79964 79953 79824 79765 79675 79599 79580 79435 79214 79080 79065 78966 78946 78548 78455 78177 78126 78059 77366 77070 77018 76978 76792 76641 76571 76378 76326 76280 75611 75439 75397 75174 75141 75083 75046 74970 74897 74810 74613 74485 74480 74450 73963 73852 73829 73768 73541 72724 72697 72640 72554 72545 72078 71951 71809 71683 71257 71188 71072 71054 71014 71009 70903 70816 70783 70668 70456 70352 70297 70292 70134 70132 69917 69826 69805 69760 69732 69693 69573 69291 69219 69144 69070 68963 68389 68324 68117 67957 67864 67808 67669 67647 66967 66676 66581 66542 66485 66385 66377 66284 65867 65497 65324 65199 65084 64533 64482 64106 64041 63563 63433 63382 63268 63199 62993 62704 62485 62335 62058 62023 62006 62003 61404 61394 61371 61226 61184 60954 60889 60559 60479 60105 60024 60008 59870 59522 59394 59343 58978 58977 58779 58976 58649 58636 58133 58050 57873 57856 57428 57426 57280 57163 56974 56874 56544 56516 56334 56016 55767 55710 55303 55239 54909 54531 54373 54315 53907 53841 53810 53703 53680 53636 53583 53501 53370 53328 53273 53223 53214 53144 52963 52910 52740 
666 302
99947 99848 99819 99798 99663 99449 99441 99346 99247 99238 99201 99193 99150 99124 99077 98949 98679 96835 96715 96382 96324 96159 96122 96111 95821 95638 95533 95404 95354 95340 95331 95215 95159 94805 94791 94694 93980 93913 93909 93845 93672 93417 93129 93009 92690 92478 92432 92424 92229 92098 92095 91727 91713 91401 91398 91115 91012 90976 90917 90896 90858 90692 90301 89883 89667 89634 89590 89514 89444 89381 89113 89073 88716 88539 88510 88284 88159 88065 87944 87809 87670 87657 87545 87469 87288 87191 87188 86831 86812 86633 86402 86277 85731 85679 85676 84900 84891 84849 84759 84569 84442 84378 84227 84131 84128 83712 83271 83230 82891 82610 82306 82251 82154 82117 81841 81808 81780 81632 81534 81429 81181 80984 80760 80639 80489 79727 79684 79586 79500 79439 79361 79261 79084 78971 78908 78735 78729 78562 78325 77880 77489 77398 77019 76804 76713 76481 76437 75938 75685 75472 75260 75197 75192 75037 74884 74319 74317 74268 74257 74203 74017 73969 73408 73202 73079 73036 73016 72718 72529 72234 72230 72169 72044 71850 71411 71377 70618 70574 70417 70342 70107 70055 69811 69398 69208 69147 68979 68343 68277 68237 67995 67533 67443 66985 66666 66530 66509 66507 66169 66149 65922 65785 65775 65697 65512 65509 65464 65332 65104 64897 64820 64757 64673 64405 64087 63591 63147 62709 62654 62423 62257 62021 61989 61691 61593 61539 61522 61015 60957 60936 60787 60644 60611 60544 60463 60204 60149 59645 59471 59445 59435 59362 59111 58781 58757 58109 57976 57650 57452 57271 56975 56765 56441 56274 56261 56206 56080 55899 55785 55747 55546 55476 55465 55299 55181 55176 55068 54797 54746 54500 54481 54472 54435 54245 54242 53765 53738 53622 53000 52939 52916 52820 52227 51674 51363 51074 51046 51022 50810 50734 50705 49980 49975 49791 49626 49564 49512 49410 49356 48753 48750 48396 
693 300
99984 99760 99576 99440 99001 98906 98717 98654 98553 98225 98088 98041 98012 97872 97795 97722 97329 97042 96773 96713 96585 96462 96365 96339 96004 95671 95614 95531 95108 94630 94565 94340 94293 94205 94133 93993 93992 93855 93822 93758 93705 93094 93057 92811 92777 92531 92529 92363 92142 92064 91882 91756 91752 91509 91391 91289 91232 91042 90940 90874 90598 90534 90503 90427 90395 90337 89817 89795 89680 89511 89362 89259 89166 88959 88868 88479 88155 88038 87962 87953 87679 87503 87370 87343 86937 86853 86774 86546 86424 86304 86130 85955 85916 85744 85915 85658 85188 85163 84930 84807 84646 84453 84446 84380 83977 83832 83826 83731 83596 83289 83094 83019 82618 82577 82513 82467 82363 82295 82260 81962 81746 81720 81157 81102 81012 80884 80059 80054 80026 80021 79860 79856 79009 78753 78558 78467 78436 78385 78193 77930 77815 77621 77546 77345 77294 77227 76728 76591 76587 76471 76331 76155 76111 76089 75524 75338 75126 75027 74536 74403 74306 74224 74155 73751 73636 73181 72961 72888 72883 72737 72546 72509 72433 72070 72048 71828 71811 71761 71757 71703 71702 71666 71076 70576 70560 70525 70029 69646 69577 69566 69547 69485 69180 69062 68938 68415 68318 68154 68084 67939 67840 67797 67352 67337 67251 67235 67188 67118 67100 67027 66512 66330 66184 66064 66045 65942 65941 65523 65521 65477 65296 65206 65173 64993 64814 64558 64557 64537 64113 63838 63800 63543 63517 63193 63010 62891 62239 62231 61723 61414 60953 60732 60682 60517 60516 60467 60327 60186 60175 59833 59748 59543 59291 59026 58970 58761 58633 58524 58416 58080 58046 57948 57813 57766 57020 56918 56867 56789 56250 55975 55901 55863 55840 55596 55327 55177 55158 54816 54779 54616 54610 54329 54087 53365 53292 53218 52950 52931 52832 52773 52409 52336 52255 52137 51919 51559 51340 51237 50899 50796 
388 298
99901 99630 99583 99552 99389 99263 99219 98907 98284 98184 98074 97694 97674 96642 95936 95867 95865 95677 95186 95111 94816 94640 94279 94254 94086 93929 93738 93525 93361 93179 92972 92595 92580 92285 92217 92077 92035 92016 91876 91626 91344 91141 90306 90202 89840 89509 89044 88796 89319 88705 87834 87197 87070 86879 86579 86404 86307 86294 85862 85815 85210 85201 84480 84238 84045 83806 83751 83683 83641 83403 83233 83191 82837 82515 82355 82331 82308 82282 82259 82057 81840 81831 81465 81396 80919 80724 79939 79478 79410 79298 78833 77971 77198 77055 77035 76667 76479 75803 75326 75316 75274 75232 74993 74869 74723 74327 74117 73715 73503 73186 72773 72129 72015 71887 71832 70849 70548 70243 70056 69939 69794 69778 69491 69348 69191 68977 68795 68493 68315 68297 68246 67971 67259 67247 67138 66801 66687 66574 66395 66382 66240 65863 65834 65552 65348 65226 64794 64677 64354 64233 64055 64044 63794 63732 63664 63378 63183 62886 62524 62365 61910 61884 61861 61789 61736 61233 60944 60581 60317 60309 60076 59710 59402 59354 59210 59185 59080 59071 59059 58979 58766 58576 58501 58380 58129 57931 57211 56631 55977 55202 54998 54966 54665 54576 53529 53418 53123 52882 52796 52680 52571 52557 52000 51781 51548 51399 51383 51378 51364 51285 51126 50453 50449 50388 50334 49999 49918 49704 49504 49319 49290 48976 48850 48527 48415 48393 48317 47705 47393 47289 47226 46643 46633 45914 45807 45795 45640 45604 45592 45334 44818 44768 44631 44619 44336 44257 44189 44168 44144 43308 42703 42326 42220 42203 42060 41931 41842 41746 41425 41390 41164 41018 40993 40765 40742 40259 40030 38755 38341 38331 37590 37529 37520 37477 37436 37198 36822 36707 36049 35890 35881 35810 35758 35610 35032 34467 33964 33752 33624 33375 33373 32190 32186 31811 31535 31355 31107 31010 
589 296
99804 99599 99435 99351 99248 98729 98320 98009 97372 97254 97120 96648 96546 96078 96010 95646 95602 95374 95370 94841 94360 94334 94263 94150 94027 93577 93034 92377 91864 91453 91183 91130 90936 90844 90273 90200 89974 89920 89791 89727 89393 89384 89292 89288 89270 88994 88932 88805 88748 88652 88621 88561 88292 87931 87817 87774 87732 87414 86756 86664 86609 86215 85978 85855 85610 85554 85332 85081 84733 84584 84340 84320 84228 83216 82720 82038 81904 80923 80916 80723 80585 80544 80367 80240 80172 80118 79763 79353 78930 78182 77942 77767 77698 77426 76965 75753 75264 74895 74794 74655 74449 74384 74098 74038 73850 73655 73530 73123 73050 72057 71441 70814 70766 70761 70614 70277 70215 70208 70168 69796 69578 69332 69490 69280 69134 69083 68456 68290 66436 66118 65908 65844 65843 64925 64899 64698 64602 64590 64380 64304 63980 63813 63491 63004 62736 62343 61835 61183 60728 59462 59406 59396 58847 58812 58651 58325 57674 57667 57632 57611 57590 57454 57366 56973 56958 56815 56682 56431 55928 55646 55522 55512 55435 55101 54540 54453 54166 53823 53797 53690 53497 53303 53031 52930 52883 51955 51581 51561 50838 50397 50217 49895 49481 49224 48958 48928 48376 47724 47544 46694 46678 46623 46283 45791 45364 45027 44684 44630 43914 42854 42491 42150 41815 41428 41329 40989 40739 39716 39710 39478 39151 38593 38587 38491 37967 37946 37701 37677 37387 37076 36834 36469 35471 35334 34843 34555 34344 34119 33851 33711 33557 33453 33335 33165 32912 32802 32345 31946 31890 31851 31850 31707 31254 31228 30777 30349 30282 29856 29578 29561 29207 29101 28380 28293 28109 28066 27971 27896 27504 27235 26858 26814 26726 26708 26575 26432 26355 25797 25761 25650 25273 25147 24998 24836 24555 24202 23972 23896 23354 23286 23168 22986 22490 22426 22259 21696 
996 290
99730 99712 99506 99262 99171 99120 99064 98678 98616 98570 98071 98067 98002 97970 97963 97915 97359 97284 97212 96826 96465 96406 96271 96183 96114 95864 95836 95816 95724 95603 95524 95435 95301 95270 94633 94589 94575 94513 94493 94324 94278 94098 93884 93880 93733 93497 93423 93206 93102 93005 92565 92464 92125 92018 91981 91730 91596 91455 91368 91361 91189 91070 91051 90838 90753 90651 90443 89714 89534 89526 89500 89378 88857 88648 88385 88324 88285 88262 87619 87612 86981 86744 86648 86539 86490 86374 86274 86267 86129 86079 85982 85882 85832 85714 85670 85466 85318 85199 84598 84148 84115 84061 84030 83513 83390 83339 83317 83202 82588 82332 81712 81629 81478 81454 81107 81083 81075 80969 80828 80452 79989 79617 79609 79591 79516 79461 79363 79330 79303 79254 79232 79048 78980 78878 78766 78466 78346 78256 78235 78192 78164 77491 77300 77280 77279 77127 77094 76858 76784 76723 76505 76443 75447 75293 75190 74994 74934 74386 74219 73745 73487 73326 73323 73289 73061 72964 72655 72626 72404 72344 72047 72039 72018 71930 71895 71884 71491 71439 71424 71384 71264 71149 70877 70784 70581 70570 70446 70440 70415 69923 69768 69729 69664 69642 69546 69393 69215 68897 68888 68875 68677 68509 68362 68211 68114 68028 67822 67454 67434 67370 67209 67175 67143 67089 66986 66894 66832 66795 66674 66554 66033 65885 65751 65716 65544 65536 65183 64635 64501 64374 64367 64230 64212 64048 63934 63729 63681 63651 63570 63436 63415 63213 62855 62556 62421 62279 62203 62102 62028 61930 61805 61504 61396 61314 61089 61021 60925 60564 60483 60379 60127 60069 60046 60016 59914 59896 59849 59802 59541 59461 59411 59334 59243 59154 59094 58975 58946 58725 58575 58467 58250 58174 58148 58141 57431 57427 57312 57300 56565 56563 
100 288
99683 99533 99316 99211 98956 98776 98703 98180 98105 97728 97472 97341 97263 97250 97139 97052 96655 96571 96475 96454 96413 96349 96167 96126 95877 95785 95544 95059 95004 94985 94818 94750 94718 94515 94353 94288 94203 94141 94137 94074 94068 94040 93997 93861 93837 93566 93333 93251 93077 92989 92884 92785 92735 92602 92447 92365 92309 92186 91896 91718 91677 91673 91505 91479 91249 91171 91112 90890 90828 90672 90563 90474 90336 90033 89951 89881 89508 89477 89200 89180 89105 89081 88850 88825 88601 88436 88600 88379 88134 88117 88071 87740 87560 87195 87037 86982 86921 86908 86876 86656 86612 86398 86375 86329 86210 86173 85985 85833 85770 85759 85668 85635 85494 85099 85088 85073 84973 84808 84732 84697 84677 84672 84662 84595 84558 84515 84510 84471 84377 84373 84299 84253 84119 83927 83680 83539 83261 83088 82992 82890 82464 82457 82351 82296 82252 82155 82138 82131 81935 81737 81660 81605 81438 81291 81262 81197 80831 80790 80735 80659 80302 79911 79761 79743 79423 79419 79233 79208 79018 78984 78871 78832 78723 78568 78503 77881 77766 77554 77272 77258 77241 77118 77108 76849 76673 76671 76663 76271 76014 75948 75850 75756 75688 75541 75399 75220 75159 75106 75076 75033 74758 74605 74213 74067 74064 74055 73957 73941 73771 73763 73632 73628 73561 73324 73252 73168 72890 72807 72629 72387 72386 72287 72219 71965 71964 71944 71818 71789 71097 70732 70345 70313 70232 70223 70206 70116 70106 69873 69744 69384 69218 68883 68779 68742 68592 68471 68396 68372 68025 67946 67886 67866 67652 67644 67375 67286 67133 67038 66810 66271 66077 66042 65792 65713 65672 65627 65616 65524 65408 65384 65341 65321 65306 65040 64912 64512 64103 63530 63282 63144 63084 62944 62940 62821 62751 62744 62625 62572 
239 286
99415 99166 98761 98706 99063 98334 98160 98117 97874 97737 97496 97102 97081 96953 96466 95869 95730 95407 95309 95246 95210 94864 94806 94482 93952 93717 93691 93655 93544 93125 92632 92048 91877 91634 91552 90975 90762 90628 90457 90364 90021 89972 89021 88985 88647 88523 88369 87639 87045 86977 86848 86841 86773 86732 86552 86481 85925 85799 85675 85662 85349 85294 84928 84683 84383 83808 83786 83758 83600 83024 82816 82804 82491 82369 82066 81970 81889 81474 81318 81259 80859 79863 79784 79595 79373 79250 79139 78925 78678 78357 78165 78152 77927 77921 77897 77801 77119 77052 76430 76402 76320 76272 76112 76069 75755 74790 74609 73759 73694 73555 73382 73207 73042 72894 72881 72609 72544 72313 72141 72120 72013 71792 71745 71437 71336 71302 71167 70958 70840 70803 70739 70724 70695 70647 70358 69819 69601 68765 68422 68276 68176 67972 67475 67377 67265 66547 66492 66302 66028 65602 65588 65444 65351 64954 64883 64146 63522 63400 63267 63074 62824 62317 62254 62208 61765 61176 60867 60608 60441 60118 59639 59452 59323 59182 59162 58375 58306 58240 58165 57923 57779 57434 57055 57011 57054 56992 56928 56849 56538 56147 56132 55377 55104 54774 54547 54424 53640 53398 53261 52646 52620 52389 52376 51753 50820 50552 49799 49665 49350 49254 49016 48876 48847 48639 48352 48233 48182 46835 47234 46802 46684 46677 46467 46359 46306 46014 45890 44866 44809 44297 44210 43821 43596 43262 43157 43091 43005 42997 42799 41675 41506 41298 41254 41139 40647 39949 39823 39039 38861 38758 38513 38444 37737 37297 37257 37172 37014 36969 36765 35995 35976 35576 35463 35017 34910 34450 34319 34172 34147 34100 33945 33832 33728 33511 33502 33445 33379 33235 33161 32459 31956 31760 31721 31616 31396 31322 
83 255
99711 99314 98905 98169 98060 97717 97635 97236 97142 96975 96803 96627 96116 96017 95793 95686 95619 94260 94031 93839 93362 92882 92500 89611 89298 88382 88351 88277 88069 88018 87966 87611 87133 86804 86787 86547 86369 86344 86142 85974 85757 85256 84871 84712 84613 84282 84083 84034 83648 83374 83050 82690 81727 81451 81124 81048 80980 80500 80406 79937 79442 79068 78480 78090 77618 77475 76390 76351 76228 76006 76005 75901 75344 75321 74501 74491 74393 74178 74112 72943 72682 72151 71796 70585 69763 69267 68527 68514 68474 68093 68047 67581 67453 67278 67146 66741 66514 65309 65230 64874 64732 64727 64177 63604 62636 62223 61837 61335 61238 60967 60693 60341 60087 60053 59253 59007 58935 58713 58647 58478 58265 58110 57969 57677 57291 57196 56606 55843 55304 54807 54792 54585 54177 54149 53802 53270 52858 52793 52460 51920 51707 51166 50744 50035 48443 48331 47953 47905 47685 47475 47166 46938 45670 45505 44898 44188 44158 43677 42420 41951 41771 41179 40811 39440 39382 39194 38199 37919 37911 37907 37313 36627 36474 36343 35862 35564 35456 34914 33632 33505 33246 32325 32253 32053 29491 29031 28970 28510 27544 26698 26697 26470 26329 25830 25792 25711 25702 25502 25475 25287 24774 24560 24454 24393 23976 21903 21703 21620 20955 20735 20161 20128 19971 19248 18647 16985 16782 16639 16537 16516 15519 14474 14162 13868 13699 13672 12769 12656 12628 12064 11286 10698 10156 10118 9494 8644 8603 7532 7446 7253 6393 5771 5766 5578 5180 5080 4939 4601 4081 4039 3685 3366 2400 2125 805 
82 280
99833 99715 99517 99358 98252 97857 97380 96783 96716 96582 96280 95887 95648 95143 94922 94801 94666 94592 94427 94372 94345 94165 93982 93949 93722 93706 93607 93366 93071 92980 92751 92737 91410 91375 91355 91349 91118 91048 90787 90703 90857 90555 90344 90216 90210 90162 89648 89498 89131 89039 89020 88847 88745 88665 88255 87991 87737 87698 87600 87595 87527 87438 87146 87030 86971 86280 86124 85672 85604 85599 85590 85426 85405 85113 85070 85053 85007 84857 84837 84501 84319 83882 83871 83799 83672 83570 83224 83183 83151 82599 82527 82392 82204 81613 81552 81450 81424 81338 81296 81071 80749 80559 80492 80101 79367 79320 79158 79053 78828 78772 78162 78104 77823 77654 77399 77083 76540 76343 76268 76265 76170 76087 75459 75365 75359 75095 74969 74817 74592 74244 73887 73714 73652 73346 73204 73144 73030 72312 71970 71847 71738 71516 71420 71343 71111 70907 70782 70727 70707 70264 70156 69945 69533 69359 69297 69230 68990 68773 67820 67682 67293 66872 66762 66429 66419 65965 65730 65129 64832 64619 64504 64365 63871 63804 63801 63764 63589 63572 63230 62996 62994 62979 62789 62508 62171 62070 61592 61588 61591 61562 61364 61079 60864 60859 60826 60523 60501 60385 59915 59643 59519 59459 59437 59174 59153 58915 58645 58566 57908 57780 57333 57275 57226 56612 56273 56149 55803 55595 55436 54962 54936 54858 54790 54537 54485 53693 53435 53147 53094 52304 52122 51603 51488 51388 51180 51149 51045 50992 50504 50395 50222 50033 50031 49994 49837 49814 49339 49038 49036 48969 48819 48690 48629 48256 48093 46996 46589 46226 46125 46067 45634 45565 45336 45284 45126 45003 44476 44155 44011 43688 43685 43642 43544 42883 43543 42879 42615 42102 42097 41792 
837 274
99522 98569 98567 98502 98306 98121 97636 97548 97435 97140 96821 96610 96534 96405 95655 95398 95148 95013 94788 94665 94440 93688 93078 92994 92955 92940 92662 92459 91767 91700 91615 91582 91260 91231 90920 90553 90032 89724 88645 88425 88171 88153 87358 87235 87026 86802 85525 84782 84372 83868 83813 83693 83188 83044 82840 82721 82711 82104 81677 81051 80652 79846 79707 79165 78959 78701 78651 77342 77226 77050 76963 76839 76837 76375 75930 75377 75348 75149 74915 74388 74204 74175 73574 73229 73112 71205 71071 70953 70740 70593 70284 70113 69914 69739 69554 68622 68313 68036 68011 67751 67098 66825 66754 66520 66399 66241 66048 63975 63929 63669 62900 62496 62416 61892 61865 60802 60754 60524 60324 59859 59706 59373 58329 58071 58029 57901 57382 57139 56875 56842 56835 56456 56369 55887 54520 54311 52767 52330 51750 51683 51636 51114 51038 50827 50729 50691 50210 50131 49924 49023 48789 48670 48433 48408 48196 48148 48007 47834 47720 46699 46555 46354 46275 46153 45434 45430 44411 44401 44338 43960 43810 43458 42727 42295 41879 41310 41112 40783 40411 39979 39630 39628 39317 39198 38925 38871 38793 38684 38670 38610 38296 38126 37465 37310 36856 36221 33500 33483 33359 33334 33031 32775 32702 31593 31324 30828 30794 30591 30583 29634 29293 28790 28303 28190 27536 27533 27414 27241 27173 27141 26375 25107 24633 24253 23623 23504 23353 22963 22788 22630 22570 21959 21885 21443 21201 21137 20684 20574 20446 20328 19675 19536 18698 17921 17286 17223 16628 15750 14883 13898 13698 13162 13130 13083 12611 12501 12340 11742 11713 11564 11474 11370 11304 10862 10845 10763 10277 10100 9215 8599 8515 7963 7818 7573 
247 246
99985 99139 98462 98139 97409 97344 96904 96077 95838 95742 95500 95473 95328 93517 92563 91819 91468 91412 91362 90823 90566 90324 90272 89797 88865 88256 88226 86962 86950 86347 84497 84388 84174 83466 83131 82579 82294 81902 81081 81041 80935 80824 79457 78817 78785 78734 78211 77831 77581 77547 76900 76569 75103 73490 73488 73243 72824 72690 71517 71494 70526 70382 70370 70328 69790 69548 69381 69260 69033 68275 67603 67032 65950 65517 65095 64826 64668 63292 62942 62713 62659 62403 62255 62240 62178 61950 61834 61827 61556 61103 60597 60012 59828 59772 59424 58993 58844 58738 57628 56814 56536 56286 55451 55420 55300 54973 54387 54381 54144 54123 54086 53575 53179 52806 52535 51989 51417 51349 51145 50743 50207 49751 48353 48029 48023 47968 46935 46720 46717 46369 46338 46276 45714 44660 44607 44359 43654 42805 42658 42475 42214 41858 41824 41616 41484 40913 40206 39952 39421 39403 39204 39128 38948 38304 38252 38201 38159 37909 37784 37740 37601 37165 36574 36564 34474 34259 34092 33871 33659 33422 32431 31926 31733 31024 30317 28673 28519 28050 28009 27410 27107 27050 26137 25966 25874 25444 25440 25235 25232 25173 25132 25068 23214 22237 22176 22133 21947 21304 21281 20787 20741 20236 19458 19399 19161 19004 18815 18729 18703 18458 17817 17615 17221 15803 15520 15118 14647 14447 12823 12310 10567 10418 9684 9032 8597 8576 8567 8319 8015 7608 7212 7127 7017 6149 5875 5372 4412 4121 3750 3619 3305 2783 1499 1384 815 302 
242 182
98441 98423 97752 97427 96865 96781 96624 95296 94757 94725 94705 94394 94339 93575 93438 92933 92904 92629 92467 92149 91934 90908 90722 90570 88412 88404 86359 85877 84292 84195 84005 81996 81625 80862 79920 78954 78572 78544 77616 77582 75252 74189 71910 71813 70020 69951 69834 69741 68310 67911 67593 66289 65383 65278 65180 64978 64947 64322 64039 63767 63075 63064 61332 61215 61062 60107 59530 59270 58919 57836 57563 56439 55520 55372 55172 54731 54158 53963 53320 53231 53136 53088 53026 51691 50317 49756 49547 49174 49056 48759 48619 47879 47442 45930 45413 45038 44600 43758 43398 42511 41876 41395 40948 40394 40346 38924 38343 38221 37892 37570 36540 36417 36182 35599 34971 34924 34329 34008 33716 33638 33401 33364 33153 32858 32637 30964 30451 29481 29132 27769 27691 26568 26544 26466 25171 24818 23496 23309 23206 22996 20383 20339 20191 19066 18451 18145 17933 17024 16393 16347 15998 15689 15635 15076 15059 14799 14607 13847 12896 12546 12518 12435 12081 11812 11331 10895 9219 8923 6266 6136 6003 5931 5870 5660 5609 5084 4377 3963 3786 1303 481 104 
766 213
99662 99534 99473 99138 99082 98970 97777 97704 97422 97029 96228 95298 95125 94891 94727 93740 93067 92112 92093 91985 91210 91152 89028 88799 88128 87947 87919 87394 86819 86502 86303 86167 86128 85942 85601 85118 84390 83482 82935 82842 82714 81828 81673 81663 81631 80999 80897 80174 80068 79972 79952 79661 79581 79512 79392 79310 78242 77966 77959 77390 77291 77010 76055 75811 74392 74290 73890 73631 73399 73137 72437 71879 69004 68741 68029 67884 67582 67325 67173 67043 66777 66599 66494 66467 66293 64731 64562 64463 64219 63679 63677 63549 62321 61699 61680 61054 60519 59852 58670 56880 56756 55938 55886 55518 55102 54965 54917 54843 54559 53023 52328 51895 51723 50382 49738 49625 49083 48697 47890 47594 47250 45623 45221 44778 44140 44060 43852 43813 43542 42817 42794 42517 42392 41987 41945 41821 41547 41210 40992 39452 39354 39323 38707 38663 38391 36565 35551 35111 33588 32877 32596 32477 31126 31124 30976 30359 29885 29791 29296 28107 27604 27496 27297 27031 26969 25748 24788 24278 20730 20685 18024 17996 17954 17645 16647 16532 16429 16015 13909 13700 13631 13516 13442 13423 13275 13161 13053 12929 12525 11519 11504 11485 11403 10455 9565 8546 7518 6543 6262 5817 5684 5669 5005 4500 3927 2949 2351 2043 1451 1386 1328 412 112 
952 252
99864 99842 99732 99337 99274 99135 99076 98910 98658 98576 98517 97990 97893 97782 97475 96862 96819 96787 96620 96580 96478 96444 96269 96239 96237 96224 96215 95884 95841 95691 95583 95494 95438 95132 95026 94708 94322 94219 94100 94055 93996 93833 93643 93195 93085 92948 92928 92758 92713 92113 91975 91967 91798 91763 91371 91166 91017 90956 90919 90808 90665 90656 90556 90506 90445 90400 90223 89978 89616 89423 89401 89395 89248 89206 89153 89078 89067 89017 88643 88623 88592 88474 88428 88410 88384 88163 88121 88053 87840 87775 87689 87646 87574 87440 87282 87169 86764 86645 86443 86395 86386 85800 85598 85307 85197 85189 85182 85082 85057 84943 84608 84503 84262 84159 84047 83987 83895 83810 83249 83225 83086 82930 82518 82483 82376 82326 82224 81729 81201 81159 80926 80883 80613 80570 79847 79735 79678 79639 79524 79155 79087 79057 78960 78509 78058 77695 77542 77415 77252 77128 76940 76623 76620 76518 76307 76012 76306 75950 75847 75696 75659 75617 75579 75577 75483 75446 75311 75305 75186 75014 75012 74826 74563 74439 74158 73980 73939 73810 73494 73442 73071 72951 72589 72024 71507 71421 71301 71219 71114 70795 70661 70497 70340 70126 70040 69699 69612 69029 68981 68839 68635 67950 67449 67340 67051 66586 66566 66175 66104 66099 66005 65794 65610 65422 65290 65272 65232 65031 64853 64755 64401 64120 64107 63886 63790 63709 63693 63654 63622 63602 63411 63178 62862 62632 62527 62369 62345 62322 62316 62294 62232 61895 61829 61378 61334 61200 60969 60811 60351 60330 59916 59853 
617 146
99380 99261 98582 98468 96359 96265 93064 92327 92168 91753 91226 90880 90517 90373 89474 89065 88416 88232 87822 87602 87173 87018 84275 83352 83218 82787 82448 82313 82160 81469 81106 80810 80429 80201 79927 79830 79812 79773 78794 77517 75654 75285 74648 73764 73699 73403 73106 73070 73010 72919 72192 70918 70800 69109 68385 67825 67504 67176 67129 66847 66197 64890 64216 63859 63485 63264 63073 62725 62705 61641 60075 58899 58349 57328 56382 55925 54887 54691 54614 54414 53950 53397 52432 52222 52131 51176 50520 49593 48802 48062 47970 47706 47265 46577 46352 45916 45274 45089 44617 44500 42243 41736 37072 36187 36005 35875 34470 34187 32691 32294 31224 30480 29677 29577 28640 27411 25354 23676 22342 21742 21658 20416 19684 18945 18756 18632 17535 16674 16478 15380 15267 15034 13889 13211 13099 11179 9492 8060 7748 5846 2017 1669 1378 1027 1019 443 
639 242
99986 99960 99907 99724 99589 99350 99313 99244 99081 99051 98964 98736 98326 98085 97890 97867 97827 97712 97634 97622 97603 97447 97063 97039 97012 96850 97011 96758 96754 96619 96562 96407 96375 96356 96281 96254 96206 96180 96100 96066 96019 95982 95831 95578 95525 95364 94716 94692 94628 94277 94222 94095 94078 93918 93721 93636 93295 93040 92926 92596 92505 92501 92417 92307 92296 91907 92295 91850 91632 91557 91466 91290 91124 90760 90636 90609 90588 90535 90514 90259 90141 90125 90041 90038 89885 89866 89816 89702 89432 89059 89040 88806 88744 88517 88446 88327 88322 87972 87671 87300 87161 87144 86932 86918 86723 86345 86254 85786 85751 85692 85462 85251 85080 84977 84684 84291 84071 84032 83769 83681 83590 83404 83395 83067 83062 83018 83015 82921 82836 82500 82486 82194 82192 81926 81581 81524 81243 80932 80909 80813 80634 80551 80522 80495 80409 80235 80208 80187 79543 79474 79452 79368 79129 78919 78709 78620 78617 78601 78569 78511 78328 78263 78187 78046 78004 77699 77486 77328 76946 76844 76645 76277 75823 75804 75751 75644 75381 74911 74471 74385 74222 74053 73989 73914 73705 73528 73502 73419 73412 73294 73218 73170 72797 72741 72353 72209 71624 71612 71560 71510 71148 71026 70683 70563 70325 70225 70178 70173 69981 69797 69552 69451 69203 69182 68920 68601 68576 68384 67999 67988 67905 67323 67147 67068 67145 66914 66633 66548 66161 66150 66146 66068 66012 65776 65770 65710 65629 65543 65493 65485 65303 65063 
434 234
99924 99887 99836 99813 99769 99482 99460 99356 99272 98998 98732 98623 98520 98257 98246 98053 98038 97964 97898 97759 97758 97733 97646 97643 97604 97420 97302 97266 97068 96978 96955 96593 96486 96345 96287 96162 96002 95683 95269 95247 95293 95179 94992 94948 94991 94907 94794 94730 94643 94638 94620 94434 94354 94323 94308 94287 94249 94237 94228 93953 93946 93810 93712 93519 93472 93304 93214 93166 92915 92870 92866 92842 92603 92572 92541 92465 92411 92248 92193 92139 92030 91817 91659 91633 91511 91493 91490 91403 91358 91298 91203 91022 90991 90928 90885 90856 90819 90671 90594 90581 90382 90380 90367 90353 90349 90252 89908 89853 89665 89470 89438 89263 89250 89173 88963 88820 88426 88323 88168 88135 88093 88032 88022 87998 87982 87781 87685 87651 87561 87540 87314 87304 87255 87153 87051 87009 86934 86697 86597 86444 86356 86353 86318 86135 85864 85544 85370 84870 84618 84552 84479 84462 84324 84054 83993 83929 83609 83537 83411 83386 83338 83284 83166 83076 83009 82972 82823 82470 82090 82013 81936 81814 81638 81626 81577 81509 81464 81458 81317 81163 80877 80803 80461 80399 80389 80255 80173 80166 79958 79915 79910 79810 79799 79776 79709 79534 79523 78570 78116 78092 78071 77946 77865 77485 77031 76913 76799 76394 76381 76334 76196 76078 76050 75909 75867 75757 75713 75628 75619 75615 75372 75313 75235 74675 74521 74507 74299 74275 74254 74085 74001 73658 73545 73475 
267 230
99989 99918 99703 99602 99579 99541 99464 99302 99106 99079 98850 98747 98562 98535 98264 98234 98144 97906 97535 97479 97153 96887 96772 96747 96737 96307 96306 96117 96008 95740 95689 95675 95567 95530 95522 95294 95261 94852 94753 94636 94600 94583 94450 94252 94204 94167 93877 93746 93734 93070 93044 92767 92698 92010 91999 91871 91828 91794 91623 91491 91430 91418 91346 91186 90518 90454 90147 90136 90054 89661 89566 89556 89541 89522 89268 89006 88387 88125 87660 87650 87528 87333 87276 86768 86737 86586 86383 86311 86251 85851 85671 85530 85497 85450 85386 85171 84899 84259 84155 84066 84033 83976 83932 83828 83690 83490 83257 83215 83181 83169 83087 82927 82414 81791 81654 81579 81545 81529 81345 81241 81190 81167 81131 81050 80917 80902 80818 80764 80439 80278 80222 80151 79795 79766 79704 79638 79541 79488 79101 78992 78641 78564 78259 78097 77575 77213 77077 76966 76824 76289 76193 76136 75937 75641 75635 75627 75604 75208 75015 74968 74641 74599 74588 74310 73960 73927 73911 73582 73474 73194 73080 72857 72799 72597 72290 72163 72126 71781 71732 71593 71731 71481 71406 71337 71142 71106 70652 70590 70505 70413 70396 69870 69839 68734 68504 68492 68303 68191 68106 68012 67955 67922 67717 67394 67279 67212 66926 66906 66828 66601 66496 65956 65912 65518 65314 65109 64982 64972 64872 64737 64586 64452 64347 64321 64271 64093 63914 63912 63849 63792 
200 226
99904 99857 99729 99450 99210 97007 96939 96392 96058 95827 95490 95373 95228 93601 93486 93172 93138 92936 92860 91788 91627 91498 91319 90410 90368 89002 88054 87381 87034 86166 85515 85208 84821 82914 82889 82538 82420 82207 81869 80944 80440 80036 79341 79046 78089 77989 77886 77734 77663 76903 76803 76194 76037 75795 75519 74768 74644 74370 73664 73149 72858 72399 71955 71536 71463 71372 71328 71065 70717 69965 69857 69410 69193 69149 69126 68782 68489 67614 66231 66203 66145 65832 64965 63770 63737 61702 61124 60807 60334 59878 59401 58905 58727 58382 58371 57905 57566 57319 56603 56438 56194 55347 54943 54905 54862 54597 54024 53959 53336 51712 51339 51313 51296 51132 50948 50755 49096 48974 47803 47674 47624 47046 46915 46037 45907 45578 45302 45272 45152 44905 44160 43503 42974 42853 42777 42640 42504 42195 41967 41866 41648 41637 41163 40296 40291 40210 39097 38987 38964 38478 38266 38000 37343 37002 36866 36468 36366 36247 35868 35699 35660 34756 34276 33982 33756 32628 32243 31918 31873 31585 31158 30952 30687 30647 28950 28834 28632 28230 27588 26388 26358 26082 25534 24912 24562 23808 22999 22823 22785 22682 22493 22304 21428 21343 21227 20432 20362 18760 18743 18101 18040 17275 17016 15227 14892 14649 14038 13694 13208 12884 11823 11365 10732 10398 10394 10215 9792 9629 8436 8083 7905 7852 7729 7660 6980 6876 
151 122
99968 99426 98821 96155 95672 95242 94817 94143 94073 93964 93278 91127 90639 89981 89720 89276 87974 86658 86068 85343 85084 83675 83053 82793 82710 82583 81887 81618 81440 77848 77500 75019 74962 74518 74481 73117 72914 71854 71312 70890 67889 67648 66577 66306 64097 63638 63020 62966 62501 61952 61686 61361 61090 60878 60018 59133 57864 57737 56699 55047 54504 53871 53402 53118 52268 52060 50964 50659 50463 49043 48882 46808 46573 46133 46008 45422 42330 42289 41121 40324 39443 38154 37301 36063 35915 34736 33737 31634 31445 29044 28516 26883 24814 22487 22172 21629 20367 20146 19488 18503 18214 18087 17742 17215 15891 15402 13695 13018 12831 12227 11511 10983 9374 9294 8362 7687 6657 4313 3882 3607 2800 1063 
621 220
99955 99815 99758 99520 99141 98859 98704 98532 98175 97936 97866 97675 97657 97574 97473 96947 96641 96590 96589 96434 96190 96168 96030 95806 95769 95464 95098 94963 94478 94441 94331 94195 93451 93437 93720 93259 93230 92844 92697 92233 92011 91792 91635 91507 91489 91178 91136 90736 90642 90472 90278 90271 90006 89950 89880 89745 89625 89421 89626 89190 88941 88732 88607 88407 88362 88303 88249 87985 87935 87891 87858 86758 86258 86073 85873 85619 85555 85404 85331 85312 85232 85200 84516 84463 84410 84408 84362 84240 83552 83480 83405 83345 83292 83140 82781 82591 82408 82218 82073 81960 81894 81850 81680 81540 81339 81210 81117 80996 80817 80780 80176 80153 80003 79936 79877 79753 79715 79689 79550 79472 79394 79152 78830 78821 78811 78637 78634 78622 78472 78398 78274 78009 77859 77788 77713 77379 77145 76894 76830 76643 76567 76514 76492 76429 76301 76214 76079 75814 75761 74708 74671 74665 74404 74365 74243 74185 74115 73732 73458 73234 73198 73172 72711 72630 72610 72488 72450 72295 72037 71238 71165 71064 71003 70899 70867 70858 70746 70716 70322 70311 70270 70089 70063 69958 69942 69909 69902 69820 69799 69510 69235 69176 69008 68704 68180 68086 67544 67081 66984 66390 66600 66335 65860 65849 65815 65780 65495 64950 64846 64817 64785 64773 64587 64389 64129 64115 64049 63817 63799 63150 
287 164
99468 98526 98323 97557 97529 96943 97528 95932 95022 94941 94809 93572 93325 92879 92277 91900 89864 89488 89127 88198 87293 87116 86459 85954 85783 84825 84382 83956 83291 83203 83110 82912 81634 80781 80567 79618 79574 79448 79241 78433 77922 77821 76442 75360 74733 74513 74201 73851 73621 73564 72011 71578 70709 70236 69041 68065 67967 67830 66969 66163 65996 65462 65283 64936 64663 64273 62664 62406 62117 59372 57540 55734 55543 55134 53913 53749 53530 53164 53116 53044 52848 52154 49562 49385 49061 48013 47021 47019 46675 45968 45788 45712 45536 45419 45401 45312 43785 43526 43474 42522 41916 41268 40683 39117 39026 39010 38658 37452 37025 36940 36881 36739 36084 34710 34587 34122 33884 33655 32988 32526 32397 30562 29838 29831 29597 29027 28947 28102 27473 27389 27209 26991 26629 25337 24432 23727 23075 20135 18616 18581 17174 16276 16048 15777 15649 15381 13852 13247 13107 12745 12604 12241 10329 10236 9965 9076 8008 7926 7472 6939 6755 3144 1009 404 
466 212
99743 99574 99155 99144 99137 98996 98812 98806 98765 98691 98633 98477 98429 97863 97859 97844 97793 97419 97303 97027 96883 96739 96656 96596 96573 96430 96084 96029 95850 95764 95594 95480 95130 95028 94990 94781 94751 94426 94412 94048 94004 93894 93633 93468 93162 93137 93033 92949 92869 92438 92319 92239 92152 92017 91927 91624 91595 91464 91389 91385 91275 91258 91248 91199 90900 90887 90675 90621 90305 90302 90212 90184 90123 89960 89911 89632 89586 89485 89472 89392 89387 89223 89214 88921 88830 88630 88589 88492 88455 87920 87635 87581 87436 87352 87258 86972 86786 86554 86519 86105 86046 86033 85886 85879 85630 85607 85536 85110 85108 85040 84886 84443 84068 83990 83936 83699 83620 83499 83619 83461 83394 83324 82906 82722 82589 82505 82497 82386 81929 81890 81694 81641 81557 81511 81447 81021 80983 80898 80801 80600 80582 80463 79901 79825 79789 79622 79608 79436 79325 79011 78956 78798 78633 78329 78271 78029 77514 77424 77194 77137 76980 76933 76901 76880 76876 76647 76507 76404 76388 76299 76276 75806 75787 75563 75123 75051 74762 74743 74598 74556 74452 74395 74176 74036 73909 73885 73883 73848 73834 73760 73716 73683 73626 73483 73466 73370 72760 72710 72653 72506 72483 72356 72340 72200 72186 72092 71555 71531 71066 70991 70974 70967 
715 210
99897 99626 99615 99495 99352 99176 99074 98903 98755 98694 98414 98305 98014 97929 97861 97735 97462 97351 96766 96628 96517 96321 96313 96258 96253 96203 95767 95719 95589 95514 95467 95460 95415 95386 95385 95311 95151 95087 94924 94671 94461 94433 94423 94284 94256 94145 94081 93882 93848 93818 93625 93565 93624 93515 93310 93113 92836 92708 92499 91703 91702 91475 91452 91394 91309 91149 91047 90971 90728 90602 90352 90145 90066 90035 89888 89877 89804 89707 89606 89515 89466 89237 89208 89186 89091 88931 88671 88611 88491 88174 88087 87852 87760 87710 87704 87696 87480 87417 87303 87264 86849 86364 86244 86240 85380 85174 84922 84897 84838 84483 84482 83998 83966 83783 83748 83594 83455 83312 83275 82768 82765 82519 82274 82190 82141 81595 81281 80692 80641 80404 80349 80247 79971 79930 79838 79710 79696 79592 79487 79223 79190 79148 79015 78849 78774 78721 78495 78290 77923 77787 77780 77356 77168 77066 77014 76954 76829 76520 76393 76384 76366 76191 75946 75935 75657 75602 75286 75157 74728 74328 74142 74090 73991 73924 73865 73799 73789 73577 73345 73271 73145 72962 72878 72864 72847 72776 72575 72573 71995 71906 71871 71747 71671 71558 71455 71351 71059 71053 71036 70752 70439 69935 69786 69539 69468 69429 69391 69290 69234 69136 
457 206
99884 99803 99357 99181 98813 98722 98152 97743 97689 97378 97320 97299 97168 96725 96649 96488 96355 96003 95820 95789 95750 95731 95610 95571 95262 95192 94958 94865 94766 94663 94621 94586 94379 94057 93723 93574 93347 93280 93202 92597 91915 91218 91061 90869 90686 90591 90522 90222 89776 89035 88759 88675 88295 87467 86949 86914 86791 86500 86158 85980 85603 84663 84659 84161 84026 83953 83842 83689 83666 83500 83483 83337 83112 82936 82801 82350 82291 82215 82188 80759 80283 80196 79400 79382 79422 78950 78578 77908 77898 77704 77667 77629 77520 76975 76770 76309 76303 76249 75686 75456 75060 74425 74288 73734 73662 73325 73275 73184 72854 71977 71713 71709 71538 71056 70995 70859 70679 70037 69962 69736 69217 69129 68891 68430 67953 66721 66378 66349 66228 66138 66084 65933 65851 65469 65279 65081 64989 64305 64227 63998 63826 63807 63094 62983 62818 62456 62432 62043 61766 61521 61506 61263 61081 60994 60801 60726 60711 60380 60123 59869 59421 59298 59420 59190 59173 59089 58813 58625 58464 58344 57861 57735 57687 57449 57279 57201 57023 56805 56764 56680 56403 56058 55808 55754 55601 55466 55319 54853 54804 54325 54308 53983 53209 52804 52390 52212 52210 51680 51513 51480 51441 51423 51402 50466 50326 50296 
903 200
99799 99567 99392 99366 99280 99071 98464 98450 98250 98177 98127 97384 97100 97057 96882 96513 95461 95381 95277 94869 94683 94166 94163 93675 93514 93309 93274 93076 92008 91591 91499 90595 90508 90435 90171 89998 89627 89495 89154 88957 88752 88119 87700 87305 87205 87054 86647 86527 86003 85990 85812 85778 85551 85246 85153 84898 84555 84337 84198 83923 83912 83824 83580 83027 82718 82697 82144 81943 81725 81675 81508 81093 80992 80887 80360 79990 79540 79456 79351 79211 78550 78497 78577 78308 78283 78150 78005 77877 77537 77519 77431 77230 77051 77033 76883 76659 76409 76353 76061 76030 75968 75827 75588 75572 75213 75114 75101 75081 74642 74632 74249 74026 73672 72731 73794 72553 72551 72468 72014 71787 71473 71350 71306 71050 70978 70633 70441 70172 70006 69453 69110 68664 68636 68619 68346 67810 67690 67393 66922 66425 66415 66336 66148 66083 66021 66008 65948 65750 65403 64343 64142 63580 63445 63443 63215 62083 61975 60794 60742 60569 59970 59546 59152 59119 58886 58448 58182 57938 57673 57490 57085 56982 56929 56592 56579 56152 55820 55581 55415 55297 55191 55162 54180 54160 54030 53978 53982 53920 53453 53257 53253 52736 52697 52311 51958 51740 51675 51575 51352 50683 
517 194
99898 99782 99609 99598 99096 98918 98799 98606 98293 98089 97908 97847 97798 97769 97507 97222 97220 96952 96806 96671 96230 96179 95813 95768 95445 95356 95308 95020 94884 94511 94506 94309 94169 94021 93941 93730 93538 93463 93419 93385 93359 93301 93239 93209 92872 92857 92828 92702 92614 92585 92087 92026 92005 91998 91982 91843 91801 91728 91651 91616 91443 91415 90615 90381 89741 89733 89654 89638 89577 89420 89252 89045 88381 88290 88019 87529 87403 87165 87118 87010 86889 86763 86563 86503 86328 86156 86082 85328 84731 84686 84425 84135 84097 84002 83986 83971 83749 83611 83533 83523 83384 83240 83223 82782 82493 82378 82262 82199 81976 81761 81678 81549 81504 81238 81391 80921 80856 80706 80689 80654 80251 80114 80250 80092 80086 79986 79938 79903 79870 79762 78872 78692 78296 78240 78295 78185 78016 77867 77845 77634 77416 77223 77025 77007 76386 76369 76363 76352 76255 76208 76031 75914 75571 75462 75259 75170 74851 74797 74664 74383 74366 74151 73463 73308 73273 73107 73097 73040 72790 72763 72703 72540 72499 72402 72296 71962 71776 71660 71607 71484 71446 70997 71051 70951 70922 70911 70796 70334 70127 70043 69822 69742 69719 69345 
653 192
99382 99360 99206 99188 99048 97602 97312 96732 95142 93883 93592 92832 92687 90897 90735 89871 89732 88790 87767 87720 87301 87298 86462 86278 86000 85850 85804 85134 84960 84909 84781 84643 84588 84495 84297 83942 83865 83795 83450 82551 81853 81700 81247 80981 80860 80425 80038 78318 78199 75752 75699 75656 75177 74978 74499 74460 73167 72987 71665 70996 69631 69162 68914 68694 68375 68364 68208 67762 67597 67413 67080 66238 66214 66029 65604 65582 65542 65346 65292 65051 64827 64340 63607 63470 62811 61756 61618 61018 60640 59978 59591 59353 59202 58949 58577 58388 58237 57519 57374 57175 57061 56714 55298 55038 54851 54279 54168 53885 53312 53306 53011 53006 50675 50611 49613 49491 49116 49074 48735 48716 48453 48369 47235 47231 47126 47100 46977 46846 46191 45304 44774 44713 44642 44563 43829 43640 43454 43125 42894 42625 42367 42221 42035 41880 41467 41362 41281 40588 40175 40005 38237 37598 37212 37080 36998 36978 36759 36724 36587 36075 35823 35770 34985 34722 34717 33919 33674 33545 33314 33297 33017 32794 32528 32212 31992 31752 31750 31335 30665 30640 30638 30249 30078 29430 28415 28186 27216 26811 26497 25947 25664 25633 
665 190
99809 99312 98826 98529 98442 98268 98259 98167 97923 97891 97678 97202 97150 97115 96691 96532 96213 95894 95458 95379 95171 94837 94695 94611 94582 94577 94547 94509 94419 94285 93955 93934 93534 93510 93379 92731 92661 92551 91980 91913 91697 91661 91630 91620 91369 91287 91013 90907 90825 90751 90287 90233 90194 90128 90092 89995 89558 89373 89351 89312 88475 88192 88057 88013 87980 87970 87914 87564 87032 86953 86785 86474 86464 86399 86259 86102 86069 85939 85684 85566 84852 84435 84379 84268 83818 83765 83735 83633 83548 83464 83236 82907 82780 82520 82421 81833 81759 81457 81427 81324 81308 81234 80927 80906 80711 80658 80584 79785 79506 79179 78941 78836 78831 78771 78761 78711 78664 78422 78323 78135 78128 77911 77212 76993 76857 76473 76424 76341 76181 76053 75818 75690 75543 75512 74985 74882 74845 74741 74463 74362 74340 74165 74051 73925 73815 73807 73603 73063 72066 71922 71743 71652 71553 71429 71419 71347 71330 71288 71157 71109 71039 70425 70402 70300 70190 69884 69726 69211 69087 68919 68864 67856 67734 67579 67574 67552 67573 67227 67159 67018 66549 66290 66213 65650 65163 64862 64770 64377 64213 64060 
184 110
99714 99129 97951 97355 97295 96428 95709 95554 94591 94499 93019 90160 90062 90031 89777 88286 87087 86064 84293 82678 80896 80508 78414 77516 76497 75741 75548 75375 74200 73283 71760 71261 71063 70901 68468 66977 66902 66588 65861 65475 63736 63440 62950 62587 62264 60033 59034 58628 57958 55429 51879 51569 51385 48347 48314 47344 45827 45692 45651 45283 45208 43498 41939 41813 41606 41214 40729 39912 38492 38321 37017 35634 34471 32042 31239 30946 27726 27660 27370 23840 21631 20906 20719 19250 17680 17115 16883 15966 15548 15454 14296 13472 10844 10413 8758 8425 8392 7440 5388 4877 4506 3304 3206 2473 1864 1296 1215 706 603 65 
717 186
99941 99871 99790 99642 99601 99158 99152 99113 98926 98920 98750 98651 98568 98351 98195 97930 97912 97828 97633 97593 97572 97343 97207 97184 97080 96998 96690 96678 96633 96612 96547 95923 95801 95541 95395 95070 95030 94893 94882 94612 94437 94335 94229 94110 94090 93932 93556 93346 93345 93081 92979 92897 92895 92719 92680 92654 92254 92215 91692 91639 91342 91295 91250 91088 90957 90711 90701 90468 90429 90408 90288 89721 89715 89623 89617 89582 89529 89430 89376 89283 89060 88980 88950 88898 88827 88768 88693 88605 88441 88212 88026 87996 87967 87908 87884 87863 87692 87644 87533 87190 87134 86858 86851 86707 86692 86674 86599 86593 86452 86428 86352 85881 85853 85643 85278 85166 85045 84591 84506 84486 84341 84316 83881 83767 83650 83646 83489 83423 83142 83045 82983 82896 82852 82799 82663 82625 82325 82200 82130 82106 81924 81891 81879 81854 81762 81740 81621 81602 81538 81400 80615 80415 80382 80105 80043 79569 79549 79471 79059 78803 78775 78493 78344 78188 78186 78123 77869 77860 77774 77673 77522 77469 77432 77248 77246 77075 77047 76982 76765 76642 76493 75993 75973 75931 75744 75354 
261 146
99915 99648 99550 98077 97670 97470 95880 94871 94276 93370 93332 92964 92238 89219 87609 86577 85803 85235 83145 82848 81265 81037 79835 79277 77947 76015 75857 75079 75048 75036 75020 74520 70775 69954 69652 68446 67675 67659 67465 67302 67256 66610 65855 65561 65029 64860 64763 64532 63857 63633 62988 62702 62484 62428 61501 61199 58788 58281 59058 56597 55967 55288 54624 53655 53316 52121 51973 51189 50885 50670 50478 50089 49399 49395 48795 47557 47119 46293 45792 45098 41569 41090 40523 40493 39256 37726 37337 37309 35484 35446 34862 34614 34475 33720 33689 32097 32031 31539 31430 30844 30795 30350 29809 28362 28216 27470 27058 27032 25953 25707 25106 22381 21170 21104 20941 20840 20704 20012 19209 18924 18615 16904 16570 15938 14826 14323 13729 13486 13277 12291 11153 11021 10838 9981 9616 8671 7969 7009 6831 6465 5755 5653 3470 2909 2239 925 
676 174
97278 96992 95875 95781 95220 95117 94462 94042 93939 93749 93454 93045 92284 91679 91345 91175 89823 89780 89370 87810 87123 87027 86437 85301 84983 84896 84150 83443 83089 82976 81742 80751 79040 78999 78906 78041 77807 77222 76506 76131 75662 74489 73935 73625 71325 70993 70329 69626 69570 69422 68321 67773 67346 67136 67125 66882 66766 65884 65575 64882 64634 64188 63919 63795 63645 63634 63593 63395 62427 60595 59696 59130 58009 57066 56750 56443 56265 56126 55218 54874 54854 54714 54539 54385 54359 53271 52634 52089 51715 51445 50566 50246 49905 49710 49668 49108 49667 46739 46734 45871 45525 45475 44635 44478 44384 43172 42375 41188 41117 41021 40778 40425 40357 40349 39839 39682 39603 39396 39174 38641 38578 38476 38278 38160 38100 37962 37928 37595 37559 37267 36980 35072 34919 34488 34460 33907 33830 32942 32726 32473 31631 31293 31034 30264 30066 29539 28463 28299 28232 27176 27028 26714 26098 25857 25570 25526 24689 24225 24216 23649 23629 22631 21917 21789 21040 20439 19299 18513 17033 17007 16972 16477 16075 16020 
160 170
99914 99810 99750 98977 98646 98515 98406 98330 98295 97968 97953 97094 96999 96657 96326 96119 96063 96005 95868 95643 95569 95352 95307 95115 94834 94292 93870 93513 93188 93180 92781 92492 92486 92331 91962 91821 91550 91476 91193 90783 90730 90688 90561 90524 90426 90187 89994 89990 89954 89820 88866 88844 88638 88540 88124 87443 87340 87315 86963 86621 86576 86416 86291 86174 85748 85014 84730 84619 84528 84402 84355 84125 83972 83930 83869 83599 83465 83294 83243 83182 83222 83084 82996 82706 82605 82548 82183 81627 81392 81046 80951 80501 80438 80426 80340 80195 79476 79405 79198 79106 78989 78884 78516 77323 77286 77111 76989 76162 76117 75905 75769 75424 75419 75267 75237 75054 74981 74755 74687 74519 74493 73987 73788 73717 73476 72910 72842 72585 72469 72202 72172 71266 71214 70955 70719 70513 70418 70285 70181 70114 69678 69618 69342 69044 68865 68849 68535 68371 68270 68261 68216 67679 67371 67033 66465 65635 65055 64992 64739 64560 64480 63950 63550 63367 63323 63174 62939 62291 62022 61740 
91 92
99801 97441 97036 95401 95163 94556 90436 90235 91174 89801 89251 89025 88951 88329 88072 86337 82472 80571 80168 79444 77304 76340 71546 71470 70808 70631 70036 69011 68834 68728 68209 67437 66772 63072 62303 61143 58288 57554 55898 52783 52345 50881 50768 49976 49624 48361 45815 44599 44049 43332 41784 41359 38882 38111 35181 33821 33185 32607 32230 29002 28138 26941 26464 25819 25733 25709 25692 25042 24572 22736 21155 20651 20648 19517 18415 18203 14773 14267 12869 11039 10663 8689 8208 6496 6205 5919 5878 5621 4389 2514 1912 95 
252 162
99413 99240 98967 98488 97584 97538 96559 96044 95917 94571 94103 92570 91396 90910 90845 90774 90664 90626 90069 88021 87927 86589 86458 86401 84788 84452 84438 84044 83532 83253 82637 82341 82273 81985 81575 81213 80380 78522 78500 77477 76994 76581 75964 75586 75534 75513 75107 75052 74941 74456 74298 73627 73232 72963 71890 71785 71010 70146 69205 67738 67628 67327 67154 65683 65633 65024 64919 64697 64164 62874 62739 62074 61225 61052 60294 59953 58494 58221 58173 57789 56366 53940 52788 52565 52213 51908 51661 49957 49771 49730 49716 49493 48910 48601 48596 48426 48225 47943 47791 45869 45540 44923 43219 41992 41656 41491 40446 40077 39934 39759 39008 38837 38084 38069 37876 36299 36118 35901 35488 34744 33376 33237 32496 32249 32082 31971 31584 31319 30993 30446 30299 29060 28193 27995 27639 26792 26354 26341 24429 24338 24007 23013 21755 18801 18574 18341 18211 18131 17808 17650 17479 17416 16741 16718 16028 15933 15926 15114 13761 11892 10675 10163 
71 160
99485 99175 97545 97443 96730 95756 95422 94797 94351 93579 93459 93353 93018 92774 92466 92455 91607 91534 91076 90789 90369 87992 87715 86912 86770 86467 86137 85596 85421 85111 85063 84843 83817 83779 82956 82456 81452 81171 80491 79690 79354 79099 78755 78552 78373 77393 77098 77058 76916 76869 76171 75435 74952 74561 74191 73918 73888 73777 73738 72904 71649 71052 70857 70315 69687 68761 68517 68333 67912 67869 67812 67592 67563 67288 66731 66441 65949 64395 63403 63350 63018 62876 61810 61660 61465 61340 61220 61148 60924 60821 60590 60537 59685 59569 58423 57414 57172 56702 56658 55672 54953 54274 54031 53895 53639 53580 53237 52746 51992 51912 51851 51380 51119 50490 49691 49638 48748 48040 47612 47050 46941 46324 46046 45588 44737 44228 44125 44017 43741 43467 43401 43307 42664 42006 41928 41759 41757 41334 41328 40536 38867 38465 38239 37980 37915 37690 37162 36894 36501 36475 36419 36069 35987 35812 35720 35662 35475 35211 34672 33812 
27 158
99850 99424 99182 98908 98723 98645 98370 98205 98050 97949 97843 97817 97644 97537 97268 96537 96061 96048 95971 95659 95481 95212 95061 94892 94534 93798 93708 93619 93196 93163 93075 93025 92227 92067 91961 91932 91640 91132 91082 90806 90383 89552 89537 89356 89337 89139 88908 88803 88154 87711 87631 87437 87275 87246 87160 87121 87012 86943 86807 86422 85520 85414 85391 85359 85244 84963 84865 84476 84285 84183 83888 83798 83507 83175 83101 83048 82916 82794 82545 82426 82398 82393 82375 82268 82030 81847 81473 81212 81064 80795 80685 80607 80293 80169 79892 79621 79344 78566 78461 78421 78359 78307 78141 78136 78055 77855 77482 77404 77378 77028 76889 76651 76478 76199 76141 76130 75981 75866 75837 75826 75807 75768 75384 75324 75257 74883 73940 73606 73527 73187 73124 73052 72956 72891 72794 72700 72334 72289 72195 72091 72006 71938 71722 71634 71599 71562 71449 71348 71199 70891 70204 70039 69807 69575 69526 69499 69329 68772 
927 152
99952 99777 99691 99327 99234 99103 98854 98757 98745 98595 98339 97945 97703 97578 97514 97491 97225 96738 96489 96310 96272 96267 96156 96142 96045 95988 95633 95617 95426 95397 95123 94856 94570 94338 94231 94007 93871 93225 93110 92974 92830 92339 92253 92181 92155 92122 92118 91972 91945 91666 91588 90826 90601 90100 90052 88976 88860 88810 88658 88360 87835 87815 87735 87332 87057 86718 86688 86630 86512 86403 86276 86140 86061 85586 85326 84885 84699 84441 84133 84039 83939 83856 83855 83481 82998 82989 82932 82839 82773 82693 82317 82152 82116 82023 81946 81726 81293 81289 81184 81151 80839 80342 80270 80090 80067 80063 80015 79777 79445 79384 79283 79203 79180 79030 78917 78703 78267 78056 77857 77710 77420 77391 77313 77042 76952 76750 76654 76362 76218 76152 76007 75992 75794 75561 75754 75323 75143 74999 74930 74433 74348 74100 73971 73754 73970 73507 73014 72487 72180 72061 71913 71648 
602 150
99371 99279 99145 98935 98889 98726 98352 98340 98313 98299 98103 97897 97812 97788 97434 97315 97078 97056 96765 96588 96436 96419 96378 96305 96204 96138 96016 95978 95975 95640 95581 95532 95251 95167 94920 94910 94517 94488 94369 94232 94172 94154 94066 93832 93728 93630 93265 93260 93101 92942 92732 92634 92548 92414 92390 92349 92293 91928 91765 91696 91458 91207 91006 90748 90724 90712 90624 90610 90492 90471 90465 90433 90074 89900 89655 89464 89448 89170 89013 89008 88926 88856 88753 88739 88730 88572 88565 88371 88353 88273 88233 88161 88059 88014 87475 87189 87183 87162 87114 87103 87100 87090 87050 87043 86922 86620 86615 86331 86161 85524 85484 85363 85096 85030 84950 84946 84863 84611 84538 84532 84258 84168 84158 83874 83622 83568 83220 83074 82865 82686 82293 82056 81788 81764 81480 81219 81165 81079 80846 80716 80698 80221 80149 80102 80096 80005 80004 79850 79826 79820 
633 146
99890 99768 99733 99704 99701 99562 99555 99483 99208 99205 99030 98836 98778 98375 97642 97585 97307 97095 96968 96600 96426 96309 96072 95853 95519 95100 94799 94673 94650 94545 94471 94136 94115 93989 93663 93582 93545 93512 93275 92851 92782 92693 92214 92138 92039 91761 91712 91669 91612 91467 91023 90898 90731 90469 90143 89949 89943 89748 89607 89576 88944 88689 88514 88485 88331 88267 87938 87666 87234 86762 86628 86594 86461 86308 85861 85779 85528 85175 85044 85025 84724 84681 84426 84401 84400 84346 84335 84333 84095 84010 83948 83662 83544 83022 82650 82088 81982 81696 81861 81402 80712 80497 80446 80315 79984 79918 79814 79716 79033 78743 78064 78025 77903 77842 77837 77741 77511 77341 77201 76855 76316 76295 76290 76226 76150 75701 75682 75650 75540 75497 75467 75328 74976 74816 74710 74412 74153 74091 74020 73355 73333 73024 72868 72855 72793 72789 
606 142
99950 99734 99680 99656 99359 99332 98985 98951 98720 98655 98594 98469 98593 98465 98237 98171 98079 97959 97591 97371 97272 97114 97113 96552 96325 96300 96112 95945 95859 95844 95858 95630 95560 94777 94593 94574 94554 94532 94459 94120 93998 93911 93559 93401 93283 92957 92905 92591 91885 91709 91420 91119 90614 90554 90488 90399 90304 90239 89862 89565 89533 89528 89437 89317 88843 88629 88465 87859 87777 87699 86966 86861 86739 86644 86446 86196 86193 86054 86044 85989 85976 85594 85364 85358 85302 85009 84429 84226 84099 83553 83242 82909 82766 82674 82481 82430 82405 82314 82011 81736 81719 81709 81670 81584 81417 80757 80690 80087 79828 79756 79390 79273 79054 78824 78539 78378 78268 78106 78266 77982 77764 77550 77062 76225 75614 75564 75392 75228 75181 74824 74822 74811 74610 74514 74608 74394 74341 74182 73843 73411 73314 73120 
244 140
99861 99800 99778 99218 98744 98689 98503 98490 98481 98128 98092 97946 97645 97445 96866 96731 96575 96493 96124 96081 96064 95542 95538 95495 95253 95232 95162 95105 95006 94866 94784 94711 94648 94421 94302 94192 94185 94088 93831 93049 93010 92594 92404 92358 92180 92082 92069 91735 91619 91524 91059 90852 90802 90713 90413 90366 90247 89854 89839 89525 89517 89331 88816 88577 88418 88106 87752 87648 87508 87432 86755 86454 86297 86229 86175 86023 85940 85818 85816 85563 84920 84787 84176 83378 83347 83326 83115 82897 82438 82159 81908 81862 81856 81697 81561 81082 80861 80845 80744 80560 80420 80363 80048 79976 79800 79454 79199 79111 78614 78338 78160 78013 77791 77437 77064 76943 76722 76634 76594 76576 76558 75941 75939 75127 75109 74718 74406 74225 73588 73215 73152 72792 72317 72155 71460 71322 70872 70720 70462 70368 
80 138
99264 99225 98793 97605 97247 95933 95052 95011 94118 94061 94015 93729 92871 92819 91854 91270 89521 89111 88602 88435 87322 86261 86170 86051 85913 85347 85215 85087 84746 84416 83516 82373 81180 80588 80395 79491 78640 78383 77309 77307 77147 77114 76936 76814 76379 76071 75967 75613 75533 75224 74313 73795 72388 71062 70535 70519 70486 70404 70291 70188 68443 68119 67297 67225 66365 66328 66178 65915 65872 65108 64495 64191 63933 62553 62471 62072 62042 61590 61153 60882 60616 60582 60316 59994 59809 59757 59570 59332 59275 59014 59001 58714 57111 56829 55956 55506 55424 54063 53620 53478 53233 52254 52161 52139 50538 49740 48977 48878 48766 48664 47588 46345 45925 45607 45600 45021 44763 44587 44220 44136 43327 42715 42286 42182 41647 40720 40674 39915 39862 39054 38519 38398 37056 36743 35984 35630 34868 34268 
506 136
99916 99883 99606 99245 99202 99070 98981 98851 98684 98619 98575 98287 98056 97981 97855 97832 97649 97486 97428 97290 97178 96828 96721 96492 96441 96275 96249 96158 95795 95682 95668 95566 94870 94286 94173 93914 93414 93336 93069 92688 92648 91804 91796 91751 91579 91224 91695 90985 90840 90611 90552 90536 90458 89967 89463 89290 89197 88628 88356 88245 88116 87990 87878 87825 87803 87634 87552 87406 87362 86708 86496 86449 86415 86309 86237 85716 85556 85440 85433 85346 85226 84854 84836 84649 84374 84209 84202 84106 84092 83677 83588 83263 83235 83139 83116 83113 83085 82806 82700 82145 82078 81938 81802 81692 81639 81271 81069 80568 81068 80529 80450 80383 80154 79962 79934 79440 79307 79260 79157 78975 78662 78629 78610 78478 78208 77957 77917 77820 77672 77421 77256 77155 76985 76918 76550 75831 
61 134
99973 99611 99258 99204 98991 98819 98816 98533 98381 98345 98093 98047 98011 97685 97558 97402 97311 97112 97361 97069 97017 97002 96763 96638 96625 96408 96346 96327 96278 96177 96085 96067 95908 95872 95790 95736 95504 95501 95448 95377 95118 94780 94770 94758 94731 94598 94508 94016 93927 93551 93307 93285 93205 93016 92798 92653 92557 92483 92452 92403 92300 92271 92223 92031 91830 91776 91694 91662 91644 91519 91514 91407 90930 90881 90510 89726 89246 89144 89116 88918 88193 88179 88160 88055 87772 87759 87614 87586 87513 87505 87493 87380 87221 87068 86495 86349 86155 86058 85966 85561 85324 85018 84850 84783 84653 84550 84283 83974 83847 83822 83703 83565 83266 83144 83096 83071 82769 82246 81885 81643 81490 81459 81305 80970 80609 80377 80330 79849 79842 79721 79470 79322 79183 79166 
389 130
99938 99652 99477 99428 99151 98975 98928 98782 98629 98604 98430 98043 97994 97362 97274 97270 97257 96558 96351 96225 96174 95852 95627 95447 93920 93560 93319 92552 92205 92053 91848 91429 91137 91015 90963 90691 90444 89553 89228 89220 89165 88804 88566 88515 88482 88246 88481 88175 87814 87577 87367 87297 86991 86830 86587 86565 86513 86180 86078 85612 85471 85390 85051 84124 83850 83618 83597 83477 83427 83319 82968 82604 82356 81223 81185 81136 81132 80965 80640 80359 79926 79688 79587 79432 79039 78746 78426 77631 77523 77354 76727 76694 76298 76274 76067 75956 75666 75538 75425 75287 75124 73491 73381 72820 72350 72335 72223 72147 71963 71321 71098 71005 70938 70475 70288 69718 69514 69493 69477 69325 69233 69192 69169 69057 68856 68494 68312 68097 68019 67740 
531 51
99843 99285 98783 97464 97046 95876 95172 92216 89593 86035 85580 85273 85035 84760 83355 81482 78065 77762 75859 73864 73562 72843 64205 62513 60978 60631 58409 54555 54367 53293 52895 49758 44414 43106 42538 40384 39623 39383 35825 28603 28342 28112 26181 24114 22475 19639 13743 10604 8163 4415 754 
32 116
99014 97894 97200 95726 94847 93255 92984 92837 92549 91206 91126 90386 89805 88542 88279 87868 87268 86473 86275 86271 85411 84623 83645 83426 82664 82110 80139 78556 77228 76586 74837 74624 74031 73981 72452 72183 70913 70910 70861 68538 67801 66250 65141 62099 61108 59518 58596 58462 58363 58181 58108 56719 55932 54297 54186 53781 53449 52761 52418 52102 51941 51795 51669 50311 49772 49115 46499 45865 45812 45394 45291 45276 45088 40315 39543 38853 35495 34240 33623 33421 32000 30094 29198 29124 28638 28157 27826 26396 25900 24996 24130 24047 19600 17741 17676 17047 15943 15813 15095 13621 13236 12820 12063 11771 11614 10661 10024 8249 5119 4383 4125 4046 3613 3392 2893 1485 
87 118
99933 99893 99880 99876 99596 99288 99307 99140 98818 98724 98699 98598 98286 98280 97631 97481 97394 97281 96987 96688 96467 96410 95968 95815 95738 95723 95388 95376 95255 95197 94838 94463 94367 94144 93789 93447 93122 93035 92812 92609 92476 92428 92235 92201 92198 92102 92000 91990 91960 91921 91670 91286 91202 91110 91007 90513 90430 90415 90362 90356 90244 90195 90180 90175 90154 90028 89993 89969 89886 89728 89347 89118 89064 88936 88859 88524 88469 88112 88002 87853 87764 87645 87551 87363 87251 86896 86479 86165 86112 85705 85114 84918 84522 84493 84444 84395 84269 83891 83558 83376 83108 82986 82695 82209 82115 81997 81816 81811 81715 81512 81491 81314 81216 81138 80798 80791 80750 80717 
158 116
99993 99353 99315 99309 99154 99032 99011 97785 97709 97650 97598 97356 97286 96795 96746 96543 95486 94752 94526 94321 94300 94223 94067 93446 93335 93175 93331 92864 92691 92620 92268 92209 92176 92136 91810 91573 91423 91282 90949 90696 90646 90405 90043 89929 89815 89674 88971 87846 87663 87643 87523 87369 87019 86987 86985 86736 86694 86436 86371 85636 85625 85508 85313 85003 84841 84539 84417 84368 84076 83784 83743 83701 83277 83058 82738 82726 82652 82533 82465 82247 82111 81978 81349 81336 80985 80938 80592 80580 80179 79869 79751 79433 79411 79319 79082 78778 78751 78639 78396 77748 77566 77555 77026 76871 76417 76314 76313 76205 75825 75695 74965 74789 74487 74354 74197 74047 
112 114
99646 99492 99405 99223 99169 99092 98872 97587 97508 97397 97135 97092 96970 96053 95901 94969 94877 94835 93983 93885 93685 93174 92422 92051 91977 90179 89772 89519 88512 88248 87407 87111 86432 86293 85488 85459 85245 85181 84687 84660 84389 83926 83583 83237 82673 82428 82288 82044 81769 80768 80435 79703 79413 78857 78813 77266 76912 76281 75500 74684 74650 74212 74649 73410 73173 72520 71540 71387 71227 69946 69615 69088 68762 68544 68186 67833 67395 67326 67285 66597 66502 66414 64856 64432 64222 63869 63867 63254 62913 61604 61392 61223 60806 60288 59960 59191 58689 57849 57060 56566 56512 56372 56081 56071 56065 55368 54996 54009 53849 53061 52649 51858 51841 51695 
959 112
99580 99571 99538 98737 98563 98402 98173 97989 97407 97365 97288 96988 96358 96216 96006 95920 95863 95777 95687 95665 95592 95336 95066 95033 95017 94944 94923 94846 94619 94262 93961 93821 93820 93527 93466 93271 93118 92401 92046 91402 91125 91085 90889 90860 91055 90592 90360 90253 90183 89975 89947 89399 88958 88845 88726 88710 88145 88017 87712 87098 86954 86699 86231 85975 85526 85222 84892 84593 84188 83841 83752 83432 83274 82985 82911 82811 82724 82445 82269 82250 81089 80973 80946 80646 80019 79067 78481 78032 78021 77958 77594 77467 77254 77043 76868 76210 75976 75834 75623 75140 74785 74745 74590 74314 73934 73826 73453 72967 73013 72652 72417 72394 
575 110
99756 98932 98861 98739 98543 97806 97418 96967 97480 96771 95620 95564 95366 95322 94049 93435 92939 92510 92208 91460 91238 90482 90065 89948 89759 89635 88666 88365 88103 87397 85649 85558 85506 85154 85126 85054 84913 84688 84527 84175 83449 82417 82384 81777 81077 79944 79759 79494 79387 78759 78304 78000 77584 75468 75284 75100 73524 73270 72292 71918 71601 71478 71258 70473 70310 69992 69868 69776 69558 69483 68726 68681 68335 67711 67456 67303 67035 65458 65291 65054 64787 64472 64161 63879 63663 63532 63340 63232 62866 62342 62078 61644 61426 61160 61151 60434 60234 59376 59255 58926 57965 57871 57817 57481 57410 57380 56254 55994 55873 55790 
970 108
99638 99585 99540 99395 99298 99041 98113 98086 97877 97791 97582 97346 97287 97280 97103 96958 96861 96779 96330 96146 95787 95412 94734 94702 94680 94467 94312 93711 93580 93440 93421 93352 93171 92391 92185 92140 91957 91881 91879 91056 90739 90528 90486 90475 90358 90199 90050 89890 89690 89659 89072 88697 88604 88191 87869 87738 87708 87578 87210 86884 86581 85998 85924 85912 85901 85880 85777 85766 85570 85272 85151 85079 84982 84964 84795 84726 84428 83857 83498 83328 83260 83095 83072 82585 82471 82447 82446 82300 82234 82156 82122 82052 81905 81826 81198 80761 80611 80556 79742 79692 79682 79349 79281 78948 78324 78250 78010 77939 
522 106
99879 99794 99781 99641 99597 98805 98379 98358 98276 98232 97682 97332 97681 97133 97038 96876 96797 96762 96706 96550 96494 96145 96033 95794 95732 95692 95652 95642 95635 95615 95502 95497 95304 94492 94485 94238 93943 93931 93812 93600 93531 93354 93318 93287 93266 93115 93041 93001 92850 92817 92638 92495 92197 92033 91997 91965 91886 91720 91717 91691 91667 91606 91568 91564 91380 91370 91158 90929 90744 90682 90432 90107 90088 89976 89898 89532 89433 89327 89318 89055 89014 88888 88771 88687 88494 88296 88280 88207 88001 87960 87875 87785 87587 87559 87230 87132 87004 86822 86799 86441 86148 85836 85829 85710 85627 85591 
313 100
99910 98748 98538 98399 98187 97976 97801 96805 96445 96070 95601 95433 95399 95297 94988 94458 94280 93936 93760 93350 92658 92480 92425 92116 91855 91824 91705 91381 91179 90981 90531 90064 89700 89698 89306 89222 89112 88606 88411 88251 87925 87287 86208 86103 85825 85774 85409 85006 84637 83197 83083 82929 82688 81443 81419 81248 80978 80720 80713 80703 80696 80471 80115 79981 79941 79852 79462 79091 79197 78190 78076 77687 78159 77425 77204 77022 77006 76786 75961 75706 75136 74729 74479 74282 73875 73691 73469 73156 73093 73085 72980 72939 72678 72555 72158 71912 71911 71882 71358 71183 
428 98
99146 98999 98304 98233 98189 97546 96913 96714 95902 95800 95661 95537 95314 94603 94480 94375 93499 91996 91617 90914 90578 90234 90228 89460 89074 89026 88214 87206 86843 86125 85728 85366 83659 83184 82670 82248 81984 81399 80130 79596 79475 79267 78918 78508 78023 77419 77357 77146 76798 76638 76615 76521 76367 75679 75368 75094 74879 74541 74136 73731 73459 72686 72461 72382 71788 71483 70185 69829 69804 69455 69397 69152 69092 68491 67870 67432 66563 66456 66027 65973 65841 65431 65377 64359 64031 63776 63304 63289 62468 62315 62467 61527 61511 61428 61050 60789 59508 58203 
972 96
99569 99474 99444 99396 99156 99142 98959 98838 98671 98580 98578 98456 98242 98230 98161 98010 97920 97809 97784 97745 97506 97392 97196 97179 97074 97004 96848 96799 96447 96402 95757 95745 95510 95241 95128 95009 94982 94737 94677 94641 94618 94054 93915 93825 93793 93735 93434 93300 93236 93096 93063 92763 92371 92167 92127 91993 91956 91929 91880 91567 91376 91142 91276 91025 90944 90872 90683 90404 90267 90127 89963 89802 89709 89639 89573 89547 89352 89348 89038 88954 88786 88728 88685 88594 88464 88430 88417 88339 88287 88015 87763 87678 87655 87484 87359 87350 
390 94
99930 99852 99845 99486 99437 99324 98508 98422 98310 98156 97518 97242 97141 96960 96926 96837 96774 96680 96548 96357 96276 96144 96137 96130 95856 95760 95456 95199 95129 95038 95021 94755 94540 94536 94352 94267 94233 93611 93449 93363 93234 93153 93132 92834 92621 92405 92306 92236 92173 92126 92020 92015 91599 91436 91168 91114 91091 90995 90912 90788 90766 90755 90530 90494 90098 90080 89832 89663 89363 89355 88718 88298 88100 87994 87950 87819 87596 87428 87200 86832 86668 86545 86530 86505 86256 86185 85969 85951 85575 85425 85574 85377 85353 85249 
944 92
99851 99823 99321 98810 98208 98040 98032 97673 97513 97510 97306 96895 96563 96200 95780 95722 95637 95015 94124 93208 93154 92896 92805 92803 92793 92266 92070 92024 91948 91901 91263 90799 90699 90479 90411 90320 90077 90034 89130 88949 88484 88299 88219 88031 87800 87385 87324 86713 85934 85352 85284 85161 85036 84469 84465 84357 83885 83827 83514 81589 81365 81236 80731 80080 79660 79403 79256 78939 78347 78082 78079 77589 76938 76572 76484 75145 74982 74902 74645 74332 73955 73654 73188 73165 73026 72991 72271 71692 71643 71427 71215 70882 
813 90
99870 99855 99787 99747 99623 99149 99126 99065 99045 98987 98942 98936 98664 98643 98621 98311 98504 98078 97900 97896 97708 97399 97368 97342 97192 97130 96682 96595 96583 96152 96091 95713 95644 94971 94939 94670 94601 94365 94113 94101 93859 93597 92975 92574 92437 91918 91611 91255 90772 90339 90309 90265 90075 89774 89465 89457 89238 88378 88315 88275 88227 88061 88044 88000 87940 87867 87798 87677 87283 87078 87039 86927 86904 86747 86654 86544 86440 86409 86269 86024 85959 85890 85750 85694 85620 85552 85362 85314 84792 84713 
708 88
99878 99594 99232 98891 98887 98841 98886 98579 98303 98279 98188 98155 98120 98036 97905 97887 97821 97706 97543 97213 97089 96698 96584 95953 95952 95931 95429 95400 95106 95050 94833 94778 94505 94474 94422 94396 94108 94012 93951 93764 93651 93570 93211 93168 92901 92545 92384 92290 92231 92109 92086 91852 91800 91277 91170 90807 90800 90569 90329 90274 90025 89827 89735 89334 88993 88902 88413 88240 88196 88173 88150 87855 87632 87375 87151 87049 86998 86783 86727 86453 86411 86264 86194 86143 86060 85987 85970 85963 
323 86
99786 99765 97485 96314 95759 92559 92147 92056 91075 90888 90606 90403 90214 89716 87924 87719 86560 86281 86090 85221 83438 83364 82910 81506 80419 80335 79876 77756 76657 75477 74058 73719 73551 73516 72519 70485 69761 69294 69094 68722 68496 67770 67626 67430 67239 66247 65447 64007 63140 61799 59922 59526 58874 57676 54883 53649 53175 52506 52467 52027 51793 49647 49188 49022 47949 47917 47862 46625 46407 46040 43633 42483 41407 41379 40373 40155 39569 37500 34028 33994 33760 33393 32549 31619 30427 30305 
72 84
99588 99414 99384 99250 99174 99170 98798 98673 98560 98505 98489 98285 98178 98106 98039 97973 97858 97803 97560 97550 97415 97318 97047 96934 96890 96831 96777 96606 96539 96533 96468 96427 96374 96322 96128 95928 95559 95529 95527 95287 94968 94950 94908 94664 94629 94617 94525 94491 94307 94290 94184 94182 94024 93926 93757 93664 93609 93328 93313 93061 92639 92400 92321 92292 92274 91970 91777 91645 91543 91495 91454 91225 91031 90966 90902 90719 90417 90389 90232 90174 90095 89915 89858 89790 
902 82
99502 99455 99091 99027 98786 98554 98473 98417 97825 97767 97654 97476 97454 97390 97375 96951 96823 96753 96609 96538 96681 96273 95771 95612 95539 95380 95357 95285 95014 94768 94465 94135 94126 94045 93851 93819 93709 93554 93502 93458 93501 93384 92995 92969 92357 92177 92058 91846 91749 91541 91425 91242 91129 91008 90604 89559 89435 89293 88869 88169 88108 88083 87915 87811 87724 87457 87345 86110 85858 85824 85641 85032 84809 84775 84723 84603 84147 83864 83647 83546 83359 82908 
179 78
99957 99868 99867 99649 99621 99537 99131 98400 98261 97944 97271 97037 96969 96667 96484 96095 95545 95205 95204 95099 94903 94406 94366 93958 93588 92730 92556 92475 92294 91910 92402 91793 91560 91463 91559 91400 91336 91227 91073 90747 90119 89989 89333 89304 88988 88973 88800 88791 88427 88297 88074 87592 87507 87449 87294 86942 86897 86863 86818 86040 85511 85236 84381 84315 83894 83698 83608 83529 83063 82951 82789 82656 82608 82573 82231 82096 81845 81331 
148 74
99889 99644 99627 99584 99497 99255 99036 98602 98523 98151 98006 97581 97298 96940 96920 96750 96669 96495 96363 96193 96192 96175 96087 95939 95854 95609 95555 95506 95332 95244 95034 94863 94826 94599 94306 94224 93901 93529 93460 93237 93169 93126 92854 92754 92665 92650 92575 92493 92421 92316 92310 92172 92165 92148 92023 91805 91064 90873 90803 90796 90718 90416 90218 90047 89987 89971 89922 89914 89879 89691 89518 89308 89177 88917 
304 72
99660 98762 99582 97982 97517 97339 96056 95092 94919 94744 93683 92644 92543 92383 92042 92004 91976 91715 91690 91641 91593 91325 91216 90526 89842 89536 89032 88831 88727 88504 87688 87583 87052 86907 86569 86131 85945 85532 85275 85261 85239 84958 84602 84534 84149 84142 83707 83217 83314 81954 81864 81286 81193 80876 80237 80030 79694 79589 79551 79417 79271 79017 78083 78074 78066 77598 77492 77435 77154 77150 76797 76708 
700 68
99671 99633 99536 99446 99423 99167 99105 99058 98944 98852 98727 98297 98296 98289 98164 98096 97937 97932 97875 97786 97746 97386 97111 96817 96498 96446 96361 96246 96201 96185 96110 96098 96037 95882 95622 95570 95479 95470 95267 95104 94819 94310 94038 93912 93850 93824 93781 93594 93418 93226 93204 93131 92446 92034 92028 91883 91456 91264 91240 91009 90693 90361 90342 90322 90149 90055 90023 89847 
607 66
99554 99284 99031 98950 98512 98318 98248 98142 97730 97086 97050 96946 96905 96540 96456 96264 96097 95961 95235 95089 94814 94804 94594 94495 94000 93693 93548 93253 93235 93159 92853 92457 92195 92049 91732 91356 91332 90903 90723 90238 90133 89108 89415 89000 88549 88527 87770 87726 87695 87544 87485 87335 87223 87142 86833 86712 86568 86520 86445 86327 86324 86085 85674 85230 84777 84272 
848 64
99771 99501 98549 98519 98453 98137 98123 97852 97488 96792 96616 96511 96476 96073 95146 95081 95036 94645 94383 94341 94230 94056 92958 92491 92344 91959 91743 91665 91492 91334 90466 90090 90001 89942 89585 89314 88834 88640 88480 88132 87683 87573 87462 86871 86575 86094 85968 85737 85004 84944 84877 84859 84255 84140 82815 82713 82672 82271 81693 81449 80924 80892 80765 80754 
0 62
99650 97566 96897 96727 96613 96360 96284 93968 93817 92963 92397 92380 91865 91648 90797 89917 89610 89603 89497 88953 87833 86920 86636 86413 86342 86242 86227 85964 85867 85809 85368 85336 84991 84948 84835 83834 83655 83315 81797 81433 80650 80636 80354 80191 80160 79315 79038 78361 77895 77763 77738 77669 76197 76166 75985 75458 75179 74214 73947 73775 73467 73153 
393 60
99785 99553 99231 99217 99163 99043 98869 98600 98500 98397 98241 97467 97453 97396 97313 97292 97019 96564 96499 96482 96283 96223 96170 96121 96094 95927 95913 95832 95733 95623 95596 95575 95512 95310 95003 94717 94659 94561 94558 93962 93922 93873 92875 92838 92679 92532 92324 92083 91991 91584 91431 91046 90911 90727 90720 90495 90434 90346 90256 90203 
69 58
99874 99816 99807 99696 99586 99545 99354 99222 99098 98864 98613 98425 98194 98110 97914 97452 97205 97072 96892 96684 96529 95818 95452 95337 95193 95152 94504 93950 95016 93785 92787 92473 92252 92246 91968 91940 91816 91353 91269 90770 90402 90094 89937 89419 88784 88447 88039 87175 86585 85767 85718 85697 85628 85502 85470 85406 85389 84969 
472 56
99659 98146 97276 96055 93899 91672 90372 89242 88146 83502 82034 81835 81386 81187 81123 80956 80158 78042 77871 77499 77113 76535 74235 73001 71975 71379 71359 66954 64548 63058 62344 62079 61574 61231 59500 58561 57683 56854 56184 55182 54673 52165 50205 48956 48019 47576 47418 45190 45015 44792 44710 44360 44309 42855 41619 41419 
59 54
99829 99566 99033 98686 98597 98387 98211 97641 97640 97599 97381 97333 97090 96893 96839 96830 96632 96464 96208 96014 95985 95940 95915 95843 95319 95073 94875 94829 94568 94240 94179 94082 93971 93628 93432 93386 93182 93178 93106 92711 92364 92322 92317 91780 91510 91405 91297 91134 90894 90740 90338 90197 90170 90132 
772 52
99797 98879 97129 96393 95701 95076 94590 93990 93639 92561 92406 92386 92329 92090 91197 91180 90192 89965 89837 89750 89612 89199 88975 88961 88554 87575 86945 86466 86286 85817 85158 84615 83429 83267 83126 83057 82227 81619 81042 81013 80870 80766 78513 78252 78133 77990 77970 77383 77074 77034 76283 76245 
157 50
99604 99578 99494 99479 99104 99053 99052 98564 98495 98216 98179 98100 97833 97156 96925 96099 96093 96013 95679 95019 94999 94996 94779 94503 94484 94431 94211 94155 93803 93732 93543 93193 93152 93006 92998 92694 92512 92341 92262 92222 91973 91893 91872 91701 91631 91609 91577 91502 91442 91268 
140 48
99698 99230 99493 98835 98795 98615 98338 98316 97176 97024 95938 95346 95265 95094 94978 94738 94656 94608 94395 93790 93511 92684 92443 91527 91034 90164 89114 89050 87856 87620 87245 86220 85865 85518 84970 84742 84101 84018 83447 83279 83080 82894 82312 81211 80997 80637 80596 80282 
37 46
99549 99521 99416 98960 98780 98631 98460 98307 98229 98046 98022 97978 97638 97623 97449 97400 97387 96840 96709 96502 96036 95984 95866 95471 95369 95318 95137 94942 94921 94452 94111 93684 93653 93540 93086 92756 92640 92515 92419 92062 91657 91613 91563 91438 91327 91230 
779 44
99685 99160 98961 98557 98445 97580 98302 97304 97121 96674 96570 96455 96389 96277 95947 95649 95628 95489 95195 94937 94886 94851 94802 94741 94691 94678 94557 94301 94131 93854 93700 93695 93676 93654 93448 93348 93298 93217 93008 92618 92553 91902 91472 91450 
894 42
99673 99472 99203 99178 98626 98486 97669 97198 97173 96790 96740 96693 96522 95990 95681 95593 95393 95083 94984 92733 92226 91769 91686 91462 91273 89808 89620 89353 89215 89141 88903 87625 87460 86150 85917 85702 85487 85435 84741 84323 84091 83965 
245 40
99920 99796 99752 98702 98556 97079 96316 96252 96147 95595 95547 94595 93660 93637 93485 92394 92387 92318 90785 90582 90251 90015 89673 89588 89568 89445 88471 88035 87497 86134 85961 85921 85229 84632 84525 84192 83519 83470 83366 83177 
536 38
99975 96226 95808 95018 93297 92247 91578 90409 88476 88433 88200 87187 87102 85666 85500 85127 83665 83130 82938 82831 82776 82502 81558 80466 78797 78559 78447 77977 77853 77417 77285 76783 76710 76198 75849 75815 75702 75463 
569 36
99593 99527 99108 98881 98824 95517 94123 93632 92415 92021 89501 89416 89391 88699 87330 87278 86179 84093 83969 83213 83075 82819 81955 81065 80788 80358 80323 78437 78220 77274 76678 75480 72663 72330 72104 71141 
447 34
99003 97850 97393 96294 96025 95825 95798 95345 95157 94849 94785 94772 94271 93796 93743 93243 92220 91678 91731 90871 90120 88938 88622 88496 87968 87782 87517 87379 87092 86257 86206 85788 85453 84120 
443 32
98130 97768 97676 97626 96785 96198 96086 95306 94966 94909 94587 94269 94251 94093 93341 92460 91741 91482 91080 91028 90983 90776 90467 90452 90357 90109 89984 87885 87548 87130 86968 86380 
844 30
99971 99909 99318 98434 96869 96752 96521 95317 94087 94077 93453 92848 92700 91733 91185 90280 89629 88725 88597 88562 88383 88229 87328 87262 86541 86412 86266 85507 84078 83958 
969 28
99025 98291 98008 97552 97316 97127 96886 96388 95799 95632 95535 95116 95008 93910 93687 93369 93233 93136 93133 93048 92898 92808 92340 91605 91558 91359 91066 90977 
650 26
99196 95942 95608 95551 94883 92613 90836 90816 89845 89575 89493 89341 87783 87520 86187 85962 85417 84665 84350 83756 83402 81330 81173 80936 80913 80218 
202 24
94808 92699 92210 92132 88631 85648 82705 82484 80647 79783 78222 77488 71119 64825 54672 54156 47813 43387 43266 39869 39499 38706 37429 37272 
332 22
99260 99086 98779 97781 96040 94685 94639 93117 90258 88468 85279 84988 83800 83363 80930 80396 80024 78922 77638 77534 77116 76924 
56 20
99344 99281 98718 97554 97383 97154 93618 92800 92696 92607 91621 91481 91122 91005 90861 88619 86272 86162 84277 84007 
828 16
99998 99834 99235 99107 98880 98865 98672 98650 98638 98363 98360 97980 97658 97497 97411 97382 
411 12
99983 99805 99694 99388 98992 98608 98484 97911 97570 97549 97101 97093 
512 8
99519 99090 98874 98652 98628 98260 98135 98124 
81 6
86279 79916 79511 61114 53156 37652 
936 4
89443 73598 61472 43530 
543 1
98912 
