36
131 194
27753 12999 93908 39123 65599 41945 5177 43225 40991 48396 23171 17524 7875 10793 87860 36170 92781 10715 58707 21659 35126 10063 47540 98519 87738 92449 2714 81702 74486 30227 21200 64710 28216 25939 82999 68343 56991 69396 60111 85755 85875 17819 17269 19035 42016 84434 84775 18402 90059 65592 75247 44131 13138 8784 98347 97132 99422 34051 54393 24971 21420 67292 57616 53597 82683 8990 87769 83754 42844 37031 42589 58727 61128 10914 40236 58748 2257 89808 14636 64423 55712 55794 51387 90552 6341 48366 28041 29089 69140 11673 3040 34416 30322 61200 10225 19447 44608 53399 29307 94040 74717 1282 70294 98923 40585 12044 88218 16222 59282 80352 61069 82440 2405 41480 2549 30036 45261 29304 90964 74436 11069 23828 98246 30495 74752 5067 84181 32789 97038 11800 25006 92423 76082 92625 59689 80839 73773 59214 5888 82887 83 491 19121 15794 32717 56782 19177 36702 77399 88753 53227 28653 5468 17199 88955 13788 70002 85287 63753 76206 55521 68811 45806 51762 68743 48548 92923 7744 33030 87084 38442 18093 70694 70527 45565 32274 36135 47423 1144 10410 37833 16290 56680 9260 99013 27074 74372 35333 4773 73728 2159 64602 23769 79567 
205 191
50583 50311 75062 90949 27332 54977 99207 23999 27680 27717 39629 82273 37665 11199 26432 30000 65972 87038 25881 49689 16635 57593 81020 37244 57024 92844 87738 10086 89312 59299 3283 683 2222 96374 1922 85204 80560 47294 78965 44839 87257 65853 37018 31696 89563 76356 64752 84373 9143 98824 91117 88415 73562 22592 3019 38102 6832 5152 39535 10888 19530 79605 18040 71762 45068 16027 97713 25994 98772 29525 66135 25603 13741 5858 32443 88811 18758 17244 42970 25230 41019 76748 30235 77816 37324 55747 3137 32870 25980 26040 4922 96822 44202 68669 60526 35137 49397 67934 89449 27336 90470 79944 27150 55773 30867 58238 6727 67394 96846 98628 28910 37366 29555 12323 96566 16310 46925 80234 90527 56299 44999 92061 66432 69748 91618 81526 51052 71868 6807 54531 80750 53377 24416 78478 87092 12171 50170 72166 18240 62656 14136 66313 48454 25155 70349 71328 43567 88279 44446 69188 80684 84539 72299 48476 37392 57679 15450 40477 69367 29084 41444 50834 70747 96429 67910 60967 36381 34551 61452 41037 68823 19176 36169 47578 84108 26545 97303 81081 54833 34205 25259 76175 13475 37493 72510 63739 75645 27906 23433 24135 26152 
696 368
19734 39164 91050 86647 38260 28920 95436 79260 58755 130 89278 7875 36602 12319 99410 29212 51874 54016 8592 49689 85057 77170 13654 76112 38894 47915 14512 80804 46499 52238 25651 18003 84819 56178 75844 97033 22182 89887 7999 19937 90620 34176 27465 90247 14977 26542 8304 34183 26301 2325 28921 66142 9685 17712 53489 95792 37943 36925 76193 50987 77672 34801 30240 27248 84843 93801 29563 32737 58318 39709 20736 3868 80323 41180 28141 69111 85668 27026 66348 84505 9617 84875 39478 55327 28236 35889 48424 69516 47226 26904 72030 59623 84313 20017 75956 32978 72411 64448 84504 77094 90294 95776 47661 9752 71412 4093 72106 85881 94410 54871 66513 68565 97976 52003 1843 80314 87591 93812 8957 59029 94606 46697 96345 27456 10232 53094 71150 60091 25483 97851 74675 61557 80170 56261 6900 74040 96219 64343 6904 86161 5062 50665 59140 68663 88331 57895 11730 84282 24576 92302 48725 44806 33801 45495 70549 47877 23633 82665 59856 62275 26504 56034 50247 27985 31765 88753 32992 29084 93019 71034 45831 79273 65604 32655 44986 43861 72232 13493 91269 90185 39791 67829 19176 83722 29496 2047 49655 85663 49134 17861 16776 95346 39348 20975 51723 24135 53875 45311 70789 32800 30666 23152 16290 7568 43938 57063 1473 43996 549 41742 68829 66259 97901 76879 23769 57776 37451 38339 52494 44663 4227 72291 72230 19900 9040 83258 17923 77502 98190 52276 5781 90101 87799 47985 60690 50668 52658 38131 87124 48262 74119 40150 14361 68943 57631 69964 51973 76133 20575 85614 64575 40522 51431 19476 84242 25073 93902 9845 77433 1438 54096 21329 42539 49754 21602 81744 27352 10394 11668 88390 74613 59835 79151 30899 27419 2709 70829 42166 23750 50468 168 1451 1814 5634 22635 95839 17665 60900 26806 36243 7613 17337 78979 94681 4373 41825 45970 33057 11129 10668 7188 70688 65617 5309 60021 18112 51207 97131 61125 84450 89531 11026 43048 60680 45499 44254 45544 83674 66448 21465 7777 30338 49725 4968 77939 38227 77732 80278 78380 95385 30735 53339 63443 27670 22007 78234 24345 83109 22881 48958 52743 83804 77842 56995 41534 88858 5603 65054 7730 54401 82102 84750 91535 10068 5415 64924 80690 68233 3388 55087 19315 71356 96081 746 18534 17612 6744 97308 
209 183
74594 56274 29464 23766 39957 55663 86616 88554 34146 92751 77998 59445 15873 2422 75322 31727 88808 2984 8248 99004 4391 50963 69999 45077 40398 88360 95405 63183 92953 53786 67641 88852 5223 75323 39268 72777 6493 16582 1982 60805 43021 95909 19917 60765 13168 52507 36925 63515 84594 36162 88442 79487 70228 94339 34567 57945 45216 18949 45370 76856 51869 28228 42730 18579 38487 7917 29525 45721 99961 37070 93733 70275 97234 73055 69464 40571 15403 71694 56664 82748 27975 71473 6180 79580 9384 2033 76048 85343 37080 19074 65089 59000 35017 90316 15417 74921 76136 39495 78706 73124 86039 85490 5394 23520 21996 87093 47507 41509 6062 65391 81771 47771 53486 4382 89660 54204 16805 47822 50057 75684 98694 7391 60091 60691 796 97851 21863 90060 5062 28072 1424 10876 97036 11360 92846 17464 53865 89525 69440 35826 79988 46219 3731 50499 75245 55803 30290 11000 56456 31985 55495 65694 61972 47576 9635 74746 14301 1202 25061 69736 36496 3535 93996 37415 84574 87170 46233 44928 67751 25793 45381 48155 95574 58537 43434 46275 91676 6919 84348 79225 3109 48328 42195 
269 354
23967 77705 71187 94549 45425 75951 38702 77393 85283 31033 92022 29000 98776 96097 60881 46499 89559 47330 31066 94051 2319 38372 52734 53314 5506 89562 20925 44080 88852 85142 20059 73734 78032 61999 13178 30243 76693 21557 78068 755 25678 72134 32574 71671 35016 92675 44707 37137 43642 66345 97743 20990 76743 33894 9404 78399 51647 27748 1225 70032 13678 21502 32694 9408 97429 40713 62798 45174 47623 58748 78271 79400 67517 89986 6180 75997 21982 31085 69141 48329 34565 75716 75559 25980 36542 75712 80651 16769 86188 29326 14317 13160 60526 30260 84420 56370 36553 81436 60717 84751 32089 66863 22030 88401 33194 14259 74605 78603 63033 88399 95652 58666 96566 27830 37241 90527 81318 40496 7525 99679 94570 11667 24681 61226 87525 70335 16628 16667 46391 93506 26088 49216 1807 53272 12575 67733 82665 20969 40200 17533 31069 21496 59909 78256 83915 64076 57564 42577 39935 60317 80591 59622 77537 28554 27102 43919 65702 78761 59732 82529 79928 99290 67837 80904 28979 26545 8841 69630 32940 57932 19946 43434 61651 15352 2956 6685 94777 23365 40543 23163 45388 54431 50138 60447 54348 23902 8891 42472 49422 20024 94206 2720 18748 20885 2915 23094 68846 52696 81589 41796 43921 69080 24297 30186 31341 9225 33566 68562 74463 45320 58210 89094 9613 72952 66219 17990 69964 87316 3680 90169 8009 97813 39473 38098 21916 694 16079 21720 41333 28119 94270 72965 20002 48806 37365 51614 12345 37576 74676 11075 40255 33407 63081 16654 99817 70225 64527 41851 84652 38094 20230 3559 56904 32055 84046 11072 16425 73564 12551 35655 63890 26798 71103 78962 88795 58026 56591 80605 75918 94604 39790 62688 56561 31629 20423 7231 99057 245 83826 52910 98139 95837 49857 9270 36774 4263 20934 2052 9184 43934 88601 56284 12192 78168 75875 76937 24275 43853 29276 5261 93330 8930 59587 11361 68953 53072 5417 22684 84528 54708 42707 13183 84271 56245 37513 61032 9953 86859 11001 67539 18177 49269 59001 72845 27232 10645 89156 41513 3371 22983 63110 96363 65945 18720 57819 38889 96063 11664 19931 89962 26678 83943 74977 66406 43152 47862 12559 30844 20000 11205 43734 22002 59827 9403 
555 175
1395 292 13786 49808 27073 28567 45506 62157 42480 48567 1859 32338 6316 81449 8937 10948 8272 55925 40648 75284 1603 17670 2425 29647 87305 52563 88143 70499 19132 58547 80533 98943 21369 11675 71394 2222 29698 18400 80751 30491 96721 42802 25336 83039 80737 20104 54106 31114 56714 50208 62932 19343 85706 38506 79890 93620 24905 69374 29984 68180 22592 89144 76374 13967 94750 79610 92999 75887 43458 48713 78697 81441 62239 12950 71654 1774 38487 23796 94347 48895 11952 78855 61212 71552 99038 41329 65101 11687 12734 51281 75792 5561 53370 27872 77010 44317 18650 97951 42857 65310 66050 19899 85953 3182 21127 39669 10302 73164 22406 81036 6149 8899 60830 92161 35176 15202 58267 70480 28684 93153 18595 95086 35065 96085 22010 92137 25319 11069 5108 42305 1424 44065 59904 5585 19727 72605 85662 38541 84657 87741 41555 89247 91229 47441 80930 42819 16480 10431 85943 69079 18725 21098 69211 82529 18432 23677 56952 96552 94712 25987 7845 71208 74683 56428 18768 7229 79701 68900 94180 40037 33285 25555 54192 11723 89539 
8 167
83340 8910 81498 39123 54977 80723 36263 27148 95679 98639 1787 95311 32146 68750 94549 26499 84529 19465 15766 9157 71153 82842 29457 49133 78220 63072 68293 59433 42769 41030 37171 80118 45945 79418 76554 52227 73556 64473 7774 9358 19651 10745 65890 3693 86758 39985 49127 62365 79125 73624 3046 17757 62813 94495 62671 54447 31115 55297 10885 86507 82835 14503 24654 16081 80408 21782 24328 60885 98198 59667 49622 72437 70032 46785 26497 78801 23957 28406 40713 96462 39637 91434 44877 97756 71694 12540 55920 79998 51206 60041 89828 76938 9192 7121 27513 53897 31970 34812 47436 10632 687 39495 53001 11034 67581 80252 20778 94807 10019 40848 76266 81013 46605 51380 75049 66380 21350 67853 48529 66863 62654 67394 61053 16805 65109 43883 25518 2742 56358 37185 3894 91531 5972 2026 69799 15956 90853 71454 35713 77929 49375 44366 11084 80011 82245 70189 54548 62861 69739 53275 94025 95522 81099 36488 62373 18985 56408 91517 93859 10279 74177 15573 38785 40651 91696 73619 27309 
373 164
55487 9005 26054 99636 6887 81102 63529 39164 85504 58891 14945 95528 72914 63509 91631 12177 48238 29000 48860 32368 77170 25789 69355 81020 43192 63613 75833 48348 65371 51705 42793 36955 33190 66065 94661 78158 92757 81023 74329 33317 30502 48660 18956 53893 29016 95909 2977 78388 29484 59907 83257 68551 45273 49167 90572 83605 73714 65396 3704 26954 54844 33130 66995 34185 60353 99187 75655 67292 81039 6553 51869 10853 87534 65172 79203 64588 39013 88997 72052 63526 14578 47222 75723 6341 34912 31852 70205 55678 23836 76290 39121 34565 25845 69920 36218 56295 78771 64102 98034 82247 96136 44134 99963 51330 14317 48377 27928 37024 85101 58066 8471 38775 88962 54949 80668 15759 17505 70518 63573 70014 38457 28768 52732 52268 74040 17325 25938 53060 44553 59817 96151 22092 12267 32272 78493 96815 95576 76735 79960 92819 85523 95297 18487 93177 40271 31155 61948 70211 99235 93426 9262 71176 29015 69747 79873 54281 79330 91760 78137 7098 81120 17701 80961 92568 
594 163
1968 8910 24856 77811 95675 13423 94120 99743 52301 25255 1667 68634 94007 18435 54035 18504 94633 21682 6181 72829 17932 58851 11379 61321 63867 60881 86360 47755 84312 65898 82351 67930 28198 92275 29339 96113 35999 28216 50310 90023 1116 59042 23797 45335 20404 20268 33848 21533 12199 81581 97000 59966 66330 37433 61977 1932 95792 14783 3123 37303 13144 90045 61469 99738 30108 12923 97028 32342 29197 56314 76545 45910 82212 27713 42607 30973 8702 92244 91735 47132 12326 25427 72382 99093 5887 77113 99765 34525 93098 97668 24110 22546 17564 60819 30370 55712 77762 20269 87421 24457 92386 86513 72893 52188 22653 23921 33437 69038 94022 79587 22294 59595 2793 80022 67752 19944 98941 38400 16578 11482 61864 25491 9032 5438 81293 40558 96855 80476 24262 67346 76102 35158 57863 9011 99914 76390 94069 36465 23560 19119 34439 16882 43114 98246 82340 65179 21981 21409 82490 5067 1475 28204 26764 717 63283 96655 19848 78925 77741 9601 11999 13035 72299 
953 153
18302 55487 2295 32316 23556 33393 67832 27148 50507 47996 66755 32206 63103 25435 88554 73962 69271 31786 94979 59445 64010 19822 21445 88708 6391 99485 55601 46865 2984 66247 19783 38132 47330 43896 74716 30327 45774 13634 47408 70272 60267 63293 55977 70529 62298 78158 42198 10207 3456 27913 55789 20394 98126 93990 24500 73458 76576 65213 50895 67713 66916 51818 39262 4147 68494 76296 15714 57355 76374 32539 83780 17159 3939 83137 38151 13459 2036 70486 17045 39962 24072 70758 26736 21735 82581 74231 73288 53644 64468 87950 75881 18103 64885 84438 88198 38839 82146 94227 2513 88761 44348 36627 8634 9137 55507 41533 39748 85242 54829 19798 12507 37647 27523 26756 74371 9174 42872 28910 47822 16222 92569 93795 97806 90924 96114 98933 8016 60887 87078 89077 22417 66694 23102 20172 52672 5062 51972 16386 81608 11370 42078 16875 21409 97036 79546 87899 83871 95522 61767 52783 24597 18549 33325 
583 150
68692 23101 31618 75160 59137 11678 3157 31291 17709 10948 30264 95436 90929 16760 7875 81869 75939 56478 7937 72829 97675 60602 80494 87306 23574 31577 36400 3791 80560 66802 2177 21461 53170 98899 62125 17221 78721 66512 79125 55334 38236 5145 80062 59888 99468 68896 8845 31789 18643 65062 21721 77797 3799 93116 3379 92527 96752 76743 77704 23548 34562 53597 66295 17045 13066 54590 1069 18562 90834 37909 17420 44817 48140 57635 43177 9112 70275 5942 93651 11911 79178 42282 65985 2388 56017 48316 63526 64601 86995 18103 75956 39794 65117 10632 50930 30051 74747 26529 63935 87451 79258 77465 95128 89402 77979 94214 71519 9966 78238 11219 16212 23520 5037 31712 38927 92015 81155 5041 6567 57810 39826 98934 10262 26049 9169 76275 60486 34000 16537 2549 45261 68817 89610 81216 79874 70146 91038 5108 91936 77602 44366 31107 80769 96179 36525 86824 26624 44954 31987 1807 
264 144
82009 576 8296 45546 86761 24606 69257 92830 23999 14304 74704 76994 24518 63457 2400 36164 80708 34708 68410 49080 38550 64935 3400 46139 74610 1603 37857 53518 35844 52338 76954 15163 46511 10289 25422 15802 92888 33886 5549 96414 49272 74143 5906 54353 88017 74083 35444 45802 63754 57856 39321 56550 366 52664 81023 24076 31139 44384 58743 57054 36923 13745 44053 75515 37943 80402 66619 85610 27713 32956 60146 12312 85302 83897 30249 91735 68238 90143 57972 71654 36330 46546 58526 55819 33543 2236 85812 43639 27023 52149 31482 65574 59623 46999 1622 43008 46314 41643 91833 59834 31465 32498 78206 19851 54898 67581 60957 73915 48393 73145 59454 81286 88608 84637 37429 73026 17927 70949 73480 74305 87673 76560 93964 87062 4713 5215 61418 57810 25645 80153 49258 74670 94621 45237 50699 60331 80234 47841 1007 81318 85647 33426 66952 74040 
602 286
79903 15550 23967 69364 63011 33121 87189 17387 30097 56764 36501 75429 12166 90748 85484 75939 14932 30426 46139 97434 88461 77427 73950 2233 84684 67152 65637 94172 69677 61389 93832 23417 90624 17610 17583 63771 35969 53812 43991 2260 15858 54700 12549 10745 88856 4872 84258 62860 88739 36168 59356 51871 98352 56331 54410 42378 1482 43645 79835 94920 20347 75515 53923 93225 59266 27816 96765 4179 6387 11215 39709 94426 3788 21673 21240 73206 43331 24072 6074 50611 26052 45824 41607 30318 51658 71998 64194 88512 445 30370 83262 7842 96138 87651 21197 77416 59000 23413 71518 90433 77513 78680 27285 37305 81286 34878 62851 51856 37805 95251 48377 84370 77360 75527 13815 87183 79191 43859 60800 98340 88926 68169 34288 20301 24819 65747 43277 28556 71367 37733 18259 86161 70857 11370 50120 99150 89008 73109 14429 93101 47178 12171 88371 27573 754 70890 25010 27957 19808 18890 6077 35234 48892 13262 58980 91696 42259 88753 94369 22939 76400 26320 88273 75468 3130 5342 44376 83568 27854 58333 85096 48813 49738 59051 16390 59706 56487 79826 28297 48210 39402 83339 91207 13735 19999 77060 84010 94066 52666 52402 457 94695 85524 93260 63478 73508 1194 12293 64892 28339 20639 62810 61462 10126 5609 57686 8237 39292 86615 11490 92634 64336 26929 37015 85206 55724 79934 31341 61781 64494 66772 77609 83151 10423 61810 36854 33625 18701 33634 75555 32916 96204 43037 38155 97897 96635 15749 30768 82293 4098 81764 41369 55241 29293 18071 74420 33788 42035 53853 99371 70710 9967 23113 8253 42303 43972 28266 88730 5727 9248 49152 13410 47827 1504 24794 23062 14143 41635 46863 37281 38507 44062 7661 98299 80698 70244 3470 46620 8292 10120 22996 39574 80005 28966 38211 9979 
298 272
50023 84578 84440 21786 51566 47996 87866 61757 76912 63137 94081 86350 64935 87867 39007 33726 61321 47915 82255 36339 79350 31001 46959 41800 77845 47294 94278 82701 66574 63448 50500 19651 22798 8463 20059 33419 66290 17221 42227 27804 55497 83537 53628 443 33317 88148 16141 64947 94754 76356 30243 63988 9407 85197 78068 62671 63628 35491 99738 66533 34051 33894 7191 41520 9061 24971 77958 93165 49393 16352 2963 98772 79111 82989 50273 99838 28236 7997 35349 65301 28699 85507 51476 11957 58171 68520 66810 52801 85742 91153 71544 79250 83524 27683 3601 67415 3040 7938 63130 4581 25373 20889 63086 87298 78080 11466 52028 16771 13274 90320 34244 58454 49177 382 70551 94951 33619 73924 64714 70707 41306 45050 39026 83282 9774 90892 70680 28124 30614 38457 75171 86072 96019 42400 37733 46724 86268 13884 86161 13519 10091 65179 47290 23913 78263 85359 46165 96151 58376 1893 36944 23338 46704 97775 73773 70557 82095 51742 65277 57566 37282 22867 59853 48300 55109 14756 70542 53674 69967 37556 12452 5728 86347 99542 11018 42577 50851 16904 91767 14931 80340 3949 2214 50529 52546 84713 45736 68743 7286 67953 72897 47935 73239 469 69113 60415 23079 34546 94490 93535 81411 75207 29802 34336 1144 70003 61062 10501 18551 93873 82227 4437 1194 81064 90556 27583 81914 48968 26302 32557 33006 55121 80263 64707 82875 4511 41842 93312 46881 60766 3223 30612 53573 75765 7488 21524 13268 57126 33394 42396 62828 21955 29678 36471 93648 42310 3073 13822 91984 7150 41860 81339 2609 89109 47960 7437 5306 83412 87865 66929 85681 9445 18292 26921 40293 9474 73394 72987 67893 54148 27220 53222 
253 127
30252 99359 65599 70278 1720 43465 1134 92211 59137 65226 57962 94755 77047 48292 62578 36811 45277 38432 56212 67649 74365 59217 74656 13179 33480 80533 14689 76259 20704 8548 91042 49272 8081 51001 27475 74252 44903 62927 69828 24364 71393 62342 34580 14986 29016 8629 69856 3581 42987 97254 18643 37398 71836 15372 78393 59812 44053 57421 72142 38361 3019 30952 84778 88662 61374 76545 46379 39141 14199 18631 34568 67515 71273 66818 27072 45939 87534 92814 28378 22901 73384 4595 25779 15383 18246 64389 92931 82538 44641 20449 91447 46856 48102 92514 39767 88140 50961 48329 33927 18975 88177 15417 49362 22259 78070 27376 2168 7096 84172 66374 93698 97733 4568 40352 41148 38075 3258 24783 99423 76275 60486 9627 25334 9774 29995 90603 2837 
325 246
292 55807 12099 6419 93871 56977 54730 30964 8287 75075 81419 22981 17689 96165 82885 63743 55834 64096 85057 42769 26207 95917 19491 10289 5837 39019 4112 31001 42961 15005 47401 2463 82943 59648 16665 2291 12761 60213 21200 25733 44119 56841 7921 65100 51167 98856 26677 23797 54439 87354 66512 273 76840 16187 42494 37956 12973 56509 38848 93225 27816 52195 18013 24690 91590 35439 89340 73994 27725 71215 58949 50149 74183 21735 58493 25603 95590 60551 3053 51788 71009 3567 51581 24585 52274 39013 64389 88028 16029 20680 60605 19379 77578 19435 41200 49362 87873 90926 92100 21529 53399 51309 987 40807 34836 93226 38775 89362 28613 35392 48331 11887 23887 58667 61722 18169 46823 63197 67236 58666 76102 40405 90603 2837 58207 73718 85357 38720 16882 25237 89704 16628 23913 60342 47178 61224 15738 18150 20143 62815 40617 23666 98173 18549 41957 63955 47883 63192 88050 9080 17331 35177 91817 21060 79001 78256 81252 72817 41353 5468 70991 2441 24067 96757 42584 16480 82566 58930 31460 6518 78822 20025 98062 90759 7229 35192 32940 40751 3983 98270 85175 71070 85173 99381 93691 48328 95030 8816 51264 54351 67303 22209 3152 64357 25498 45718 68651 37895 81914 32079 57187 36313 44085 16443 21518 4162 68995 35128 47078 82221 45919 95493 63907 85034 13679 4219 36658 94683 88911 46051 43046 29713 45606 46299 42225 53101 60734 22351 2659 18789 15826 93648 12978 69888 76787 97044 95012 81931 79707 66197 2876 65038 28271 22388 60834 25257 
28 228
94988 54977 89912 3247 29589 97677 18683 71187 2400 18920 50221 8932 30264 16770 65789 29901 82336 17594 92459 24411 97963 92264 64667 46587 50268 43862 30515 85889 72902 46499 86964 20486 87780 13201 84312 21500 81330 17584 30750 7734 956 99507 69324 44903 29042 41067 47959 75419 44455 50307 44211 29888 91492 23815 40733 64697 96444 48660 71675 52613 58542 2300 24905 92839 97254 4492 20067 25581 38361 93225 82835 76986 93801 60730 92099 69448 77704 41598 39064 71654 70751 14453 13678 35580 2974 72410 14444 17244 86920 98724 65445 21568 22546 5464 90531 15545 62938 23923 3148 26976 92089 40121 2639 40754 32498 34358 8276 67651 4757 38928 50693 45152 72215 7096 84172 79080 83270 31720 23348 2683 60389 64553 68409 34931 25945 91859 2351 11271 66046 33259 80153 75813 88215 17265 60486 67645 63485 10958 54052 32127 14071 86294 50588 36801 71868 31768 12172 39462 58897 93599 22254 69763 97521 36814 91719 33401 26517 45771 76381 46399 34102 91867 92609 25155 20894 42693 63678 6304 26956 50957 70002 81040 11371 670 24881 5859 7252 46392 13093 61784 9017 50253 63708 86971 40763 23864 54249 83311 72510 22970 16447 9141 74866 72577 50769 47498 8660 33174 65 36559 57648 11476 57724 549 60210 32568 61206 32894 6242 83027 23012 31672 52890 48655 12942 58715 36099 65021 953 98751 92226 64071 65360 53700 71539 16257 54053 53209 
220 222
50090 64424 27077 2198 60758 99184 26111 36737 811 12330 70166 83498 58792 11057 57216 63215 35327 16647 11603 20515 67152 53273 65180 50732 80378 65627 2789 95269 76860 5223 49549 27525 70832 72348 44729 18116 91492 77287 54596 95702 90171 83211 34580 98793 85747 94732 28391 11388 80621 89955 99 4842 42949 43574 30680 19364 34466 12547 75887 21782 40447 31240 71294 99106 73062 72946 3497 1431 16535 8990 74755 9765 30822 27582 22672 12115 87211 58493 78855 34831 80002 32167 73737 80495 58858 88211 26871 20449 83168 53009 97878 94370 55899 7790 89536 2334 86045 37902 70141 26751 27411 21996 85327 41509 83026 6567 42815 79024 24940 92914 65589 54684 24777 34452 53528 44212 2405 70062 68139 54052 47351 25058 99451 58824 13500 91729 81829 88888 40011 31217 93187 92149 44553 70733 93652 79880 48029 6700 24842 97123 73993 21116 54005 32162 2919 18622 63417 42196 11324 64143 4148 77481 72731 31460 20960 96321 51256 13205 64872 24607 37726 71081 2210 91834 343 99164 41910 66580 83690 78492 29493 42283 15599 72729 64207 1553 21664 13475 31944 43945 79170 31196 26647 6618 27976 48442 27703 14399 20829 84396 37833 57063 28037 20936 27074 21029 31769 1194 86332 28292 3811 53053 72435 4176 36533 18160 80832 37260 53507 87427 30600 26434 65845 13247 76594 14867 62201 13704 55912 70072 35211 68093 
182 206
43202 20221 31754 47492 96092 84019 18920 2533 12166 88137 90681 63509 81076 13418 75368 88657 54016 17136 43478 67250 28051 9478 72864 26061 33983 29601 56642 74298 30491 14146 3633 13664 13925 5223 46467 20243 91603 24048 59545 26677 71403 73642 73610 70410 9467 73582 37416 43392 8093 29499 87545 14734 1594 40475 64234 96514 30114 60143 25001 74237 86856 83930 37727 77154 51610 17045 81933 34495 62760 23957 15299 59169 47623 80811 80890 62585 8438 86527 64423 18508 38650 94889 82456 29674 3316 68749 65939 3601 38471 37305 75472 39172 73915 29116 46859 59454 37318 53540 88480 62955 96260 63481 76965 48818 60389 76802 43 59565 90944 2220 13102 60706 40222 26733 43744 27973 67645 87397 26001 32877 44952 90892 51504 90869 91506 91979 97467 19602 71868 5866 31768 44553 70733 31596 92812 69678 87092 91719 66470 26624 21359 75318 68290 33325 61449 68860 6077 53623 22604 14244 13550 86548 298 91817 48554 22307 15440 89462 36742 33896 74771 78856 50834 12165 49387 46866 1646 42157 52968 69736 57853 65702 94878 96625 9895 48721 88332 64207 91459 46571 90227 76037 68297 34546 99899 99846 44783 53930 25900 49076 45019 59921 27158 12201 28719 31534 45422 60722 8873 85841 67835 68702 34709 80094 40158 59377 
467 97
71462 61013 24983 73120 33393 48977 15611 32338 2310 19924 61995 13601 80016 7879 74506 12840 38144 36278 37544 49319 39007 59957 80393 35136 7210 50268 87523 86623 52361 7491 62457 11108 25772 25034 54197 564 88170 77125 64449 98147 3032 76598 50500 80932 79280 30225 56714 20494 44684 13888 40671 23457 35886 89061 24676 64752 33652 42114 93825 68551 58661 32669 29578 97331 27887 76749 6846 10809 93110 7191 18949 50730 13459 31047 87251 62239 57570 70726 29638 44321 70751 43493 77783 64427 68706 47067 51788 48792 93741 21148 74673 64572 59714 84792 80424 3040 57177 
955 91
53080 67080 79903 99878 50808 26101 95675 68039 52301 87691 65989 16770 76912 36696 8427 86350 37492 34933 83558 6145 96373 96197 75284 36675 17136 47628 7498 25844 56514 16737 62088 29788 98366 31066 49561 74143 82319 13307 43075 77893 17154 92141 40134 64084 34941 55789 90023 61872 73456 49418 19801 23815 29534 17290 25329 19401 22464 13753 43733 72298 6931 9407 19917 37023 29799 62671 74541 58850 15115 66533 96752 24655 29866 37701 43746 51582 8710 40798 14309 84261 74194 21735 34831 58254 920 60628 7997 85260 62868 62213 53644 
210 88
292 41228 1859 44394 59762 14593 28809 90206 80799 98700 85632 33164 75429 67 27024 40628 72891 60019 96573 11441 54666 94308 88894 61488 92334 76892 28256 46511 7589 23297 14166 45043 47824 52810 3982 33126 93542 87807 23612 63945 18254 85931 63511 8458 338 25939 42754 55341 47984 23735 48880 2685 38825 57020 24643 8063 32170 4212 44707 81610 65955 6790 19910 31177 53962 53825 54036 36917 44486 88348 37866 74882 79111 42836 35452 75088 48634 80285 15383 24585 46674 99831 90619 64194 53644 11909 22713 33251 
475 168
74594 48755 35409 49998 30100 41594 18329 54764 95753 72788 50977 87814 28151 41377 7746 63137 79260 19335 75322 99608 63509 53294 92924 67649 2027 46376 69377 46820 34670 37809 6132 53598 72475 83739 62184 87738 64920 51912 10923 72945 62025 26143 63962 84378 99136 11211 73270 25170 77157 84793 93785 12653 59413 62945 15198 62860 96909 82391 48071 43449 89612 21721 52577 18548 89839 98279 86194 72142 71224 57870 25256 84778 88066 88422 41677 13148 31141 81763 34568 79381 69294 11585 21735 53425 44156 50425 96438 41131 95043 23378 51364 74155 24358 40920 92164 85304 67839 50071 4023 99554 51023 75956 75954 46965 49700 80798 53897 22964 86513 56120 16581 53243 30837 75339 9329 93459 42688 85881 53738 32469 42373 61744 83923 86305 32197 55357 89449 46788 54624 68865 88535 51668 8899 22278 33823 50057 30712 74612 27973 41424 86294 46672 26395 46381 99679 21325 2026 94055 60035 30146 81829 95006 6118 21234 36229 62815 46754 51887 1658 92683 6037 82121 62204 76993 92819 47098 4160 97710 
3 78
95207 97814 42871 54174 16003 43225 58029 75469 83803 18435 21553 58353 14297 3441 57108 10918 93333 80494 68437 57479 66113 83466 54841 70555 36400 81702 48486 42128 67278 36759 59104 27695 21200 18151 84615 82935 35886 65786 52580 44377 73624 99447 80309 64947 50847 99468 59966 63000 89308 56357 11266 59357 37342 39257 97028 89820 17159 39828 30058 99106 81346 46044 71812 29482 91331 58013 49288 31286 40669 47794 52245 3433 57446 16930 31385 23645 62652 99576 
888 72
26227 6670 2198 59830 63550 73554 87404 85615 37992 27888 35334 43172 14945 66469 63606 56446 47627 77505 50867 60544 3294 66431 23907 95417 42993 74820 64057 6092 61405 96263 12212 46060 70499 45298 56821 38132 9530 52713 69502 93671 49379 16256 11181 70555 11384 30750 58517 29042 70896 50003 366 82447 84216 10163 94785 1741 44377 71335 44895 22111 88739 2301 31643 78612 28391 59259 9402 9685 99596 96193 87970 30679 
938 66
45622 98363 78384 35364 23309 14383 43465 77309 42645 48271 93697 14593 89995 69300 6197 99874 68996 77830 33819 99535 73405 4891 413 70603 43875 46922 27515 72650 48201 53401 30934 21631 39839 38562 52227 35996 44031 38156 63754 5913 41067 78687 41857 52664 65890 91601 44808 4469 37599 31139 22464 73642 85875 74249 29016 51818 13300 4749 97254 9575 86552 46464 48527 83257 55726 23253 
499 60
26683 69420 28452 15780 64635 42834 61213 75251 81419 95273 46446 95436 90681 37294 10793 49317 67427 75284 23063 77474 96893 23387 51079 53033 92338 98519 69502 69971 98366 82351 26657 62943 16891 88225 36955 85420 68959 96796 77125 6279 47004 83472 90907 2462 96503 25170 79494 42703 19937 56991 51098 66102 7337 10026 60282 60821 21132 44006 17175 16584 
277 50
26101 92981 99787 24983 95150 58155 12382 95753 42345 80708 51049 14945 97701 57082 21129 26668 23843 58755 98212 22947 30135 65972 80219 20565 85770 72959 9305 82521 49576 41440 58547 92338 77367 18028 95140 34459 67923 27234 49626 91453 80762 19100 47408 9513 71323 26242 10357 85931 8655 45942 
314 47
28539 47585 90915 73729 27148 57301 61912 60487 97805 54265 14226 39629 4739 75429 11901 63062 68996 28373 80667 31144 83159 33970 19775 92334 63827 89945 47330 54841 78267 71449 18143 27695 63511 73483 75533 22448 88201 59042 65786 54439 46222 82182 15812 60960 37023 88176 2855 
705 76
25246 15550 23101 82526 20442 15966 45118 96092 67392 689 73388 74639 73672 58208 74506 61786 83805 86603 41612 44350 39683 44333 65616 5746 43076 76892 31667 35126 75415 57479 97919 43326 1782 5749 18196 42367 17858 40214 25336 85407 66577 31498 18686 24792 52715 70654 24364 45670 84793 74468 29625 18305 8017 39398 51444 62101 2685 13671 28557 89002 59812 75714 38361 24223 21669 58704 38870 40321 97355 54065 27748 22498 74604 61317 73309 31670 
73 30
67080 29330 35488 79703 59150 9292 24374 32407 16770 37469 89538 1661 99485 54707 32802 27488 27481 69096 14512 76259 68288 59793 50676 82151 62184 79350 31066 88360 38272 90380 
700 56
31811 1968 64661 6100 37253 96361 22813 80385 49200 41526 27095 9447 1399 70166 74842 49386 53586 68479 80962 75284 36532 52762 10477 36798 70945 79396 90624 35499 84205 63293 96246 6279 10787 58298 21133 66678 58133 98164 90023 55850 3796 89291 81352 87582 87490 87354 87319 84636 19401 86901 26542 82467 97746 64752 946 43021 
449 20
74594 35187 42353 93697 74715 73388 94979 14221 17765 65440 55538 82534 62859 36532 61280 63613 96654 45117 56577 70792 
598 28
11412 29857 45258 32741 80328 86171 6765 38952 12308 30711 74466 36754 65616 63215 44003 35981 14674 88749 43115 95381 54094 32390 73299 72902 59564 53487 65239 23695 
956 7
98295 24021 5674 76904 3116 74817 66755 
972 12
64661 8296 77091 70278 17177 37503 60255 9712 87891 9545 81449 81419 

